-9.089417999  
-38.40760556  
-32.22356098  
1.598584464  
-6.445729712  
-7.968005648  
-14.56154197  
4.107734666  
-39.87805888  
-12.6182741  
-14.3707415  
14.47019934  
-28.77734699  
-22.38128795  
-3.077868873  
-25.20197121  
-26.36075848  
-19.89748188  
-53.40948303  
-8.541831534  
3.19523492  
39.32904149  
-47.10539343  
16.31858351  
-1.217614022  
-7.794833572  
-20.73246598  
-31.72669101  
-5.136239274  
9.194114339  
-45.4289544  
-247.2905719  
98.42579518  
110.3660611  
165.1276385  
-116.954314  
-16.73604542  
-209.3463352  
-167.9982194  
147.5212609  
-90.2649563  
-206.2840408  
-2.980349084  
106.9856469  
244.6498209  
-185.2235815  
-40.894575  
25.87059581  
64.17856181  
-98.70519  
-410.3121058  
-248.0262825  
-235.4485619  
-11.46873813  
-111.0268675  
-68.21833965  
26.58249409  
-133.429934  
-50.03784969  
183.8256262  
-259.0588771  
6.592561733  
-90.4704164  
-219.3301239  
-121.0039167  
-67.01366708  
-16.29825499  
-25.51033032  
37.58565487  
12.79499484  
34.21774691  
-89.75656886  
119.8401273  
-233.0384841  
-68.40755286  
-90.87013723  
12.26319883  
-197.9795735  
1.654134584  
-24.19205303  
-64.17748235  
-54.40796106  
-15.02649112  
-66.76469512  
-43.5952617  
-74.67307081  
-210.6683465  
-39.85351088  
-35.74070849  
-215.2347167  
24.15076791  
-142.5915273  
87.22109851  
-237.3512047  
-4.729650481  
-43.47595028  
-66.90001378  
-62.02666584  
-66.41516046  
-125.4141149  
300.9593232  
32.74558773  
-44.8160616  
7.313290785  
-63.34475668  
-113.9484944  
-10.63212045  
-137.0224313  
24.18039936  
-95.18551118  
-97.70788373  
-81.05348389  
17.08775443  
-107.3678422  
-142.2689396  
-171.685597  
-49.10843136  
115.875531  
-189.246326  
78.74963927  
-259.919962  
-250.2129006  
17.43340069  
-116.9128115  
36.61367852  
-102.4249329  
28.03130842  
-54.443744  
-78.68883699  
-238.6583123  
-148.9384943  
22.07686191  
-235.7327501  
-55.63342161  
-52.9136977  
-11.9680402  
-141.8767259  
81.53083737  
-227.8835764  
-118.2577657  
-49.24094022  
-235.2770772  
-135.7803824  
-179.8432588  
-57.55083868  
-89.46967741  
-0.8277577957  
178.9218967  
-150.8426775  
-178.3391665  
-38.96799395  
-1.769325333  
-154.0923624  
-18.63513836  
-112.87666  
-157.8726685  
-43.61063155  
-128.4975056  
-7.439540206  
51.88868119  
-224.4303667  
-41.23073118  
-41.56337465  
-192.991973  
-165.9108512  
-197.1562913  
-305.287027  
36.87589253  
-77.27931626  
-100.822589  
-195.7117208  
-118.167693  
-12.12696473  
-55.8862187  
-108.0452781  
-57.31610172  
-82.73709349  
-261.0374085  
-113.176398  
-21.96577017  
-57.99008324  
-166.8354682  
-28.12128373  
-200.3482005  
-144.8441542  
-110.2965605  
-180.1743932  
-107.7020341  
-88.58559943  
-263.5933691  
293.9954395  
-110.2230216  
-143.7648211  
-44.25388854  
-243.2416737  
-43.37059209  
118.42831  
30.39831217  
-78.67583785  
-70.87801236  
-109.4901085  
-281.1656966  
-292.4295672  
-156.2156572  
-115.9829247  
-219.4031976  
-96.77125218  
-147.5994408  
-140.048121  
-80.07871589  
-160.7337869  
-212.7752863  
-169.1241164  
-287.2536856  
-201.360443  
-194.0239132  
-54.53316827  
-131.2280276  
-34.75951855  
-3.011662474  
-35.57016861  
-5.472367036  
140.3166149  
42.66127655  
-132.1773394  
-34.91714375  
99.8169878  
-512.8438682  
-262.792482  
10.95392165  
-16.31810546  
-23.01284854  
-205.5941322  
87.39505337  
-311.1635861  
-43.67666396  
-126.8309672  
-179.4295715  
-152.495532  
-47.95269648  
-72.68500459  
-41.92935294  
-397.855814  
-208.7199963  
-28.30241454  
-20.63764633  
10.2330474  
-0.1768355722  
-48.07168443  
-254.2606523  
-180.0569002  
-74.71384063  
-128.7603606  
-14.40632957  
-223.4559648  
-76.76154857  
-132.6995612  
-130.6712688  
-19.57339562  
-193.3618155  
-26.45220384  
-436.2302451  
-174.9717683  
-226.0753159  
-458.9046548  
-56.62062708  
-231.5897501  
-153.8543445  
-93.41854179  
46.58167178  
-125.2847611  
-76.50155112  
-33.35796552  
-195.2455702  
88.5596538  
117.7012248  
-57.330594  
76.97016952  
-273.9128587  
-47.83923185  
33.87457607  
166.434285  
-44.17576105  
-22.71319081  
-95.78503499  
-28.19004796  
-73.67286331  
-3.269400899  
