-22.03713671  
-41.11529926  
-13.95421931  
25.45011903  
-19.81371907  
-12.31292536  
-11.29238711  
13.94732454  
-8.546219081  
-22.52477356  
1.507679899  
55.12918927  
-22.60876149  
-22.19550458  
-5.004848896  
-38.30346174  
-33.00123238  
-7.010399067  
-49.69017159  
-25.21570667  
-4.299828029  
-23.2787979  
-44.01008573  
36.49752944  
-11.39974376  
-18.43857725  
-14.51019971  
11.4261643  
1.299768428  
-28.48378002  
-106.0222591  
29.67623066  
46.39777401  
160.6866536  
5.089787159  
80.91756312  
-87.30488438  
-79.84057063  
62.26493367  
33.70691685  
-195.5481355  
-3.155322692  
-119.7875924  
-50.12534813  
71.93094131  
-102.2583303  
-72.18603533  
-181.311847  
43.79111938  
-212.9631592  
-295.0024442  
-136.6071971  
-203.2816544  
47.93358133  
114.1043638  
-111.3307753  
91.76444604  
-282.5655462  
-198.2954237  
-26.76107855  
-138.5442318  
-242.6305169  
-146.1601661  
-50.3390926  
17.36607515  
-140.1723009  
30.51277499  
39.59257206  
-21.76142871  
25.60756331  
-43.98308429  
-172.4352889  
-180.1389917  
-154.6374592  
-65.44828229  
4.311510594  
67.33235354  
-10.87241031  
-7.335476825  
-99.89547365  
88.42457204  
-87.10994781  
98.85645708  
-87.96945674  
-29.25803738  
-93.47359552  
-61.66032983  
-39.28734542  
-90.04626754  
53.78481124  
-49.69467338  
-253.1998439  
86.89645795  
48.89451894  
52.94794586  
43.46747035  
-194.5847879  
-142.7875211  
89.25294058  
-120.196853  
167.3957365  
11.34680683  
-80.20065605  
16.49441415  
-278.3641429  
-87.60006493  
-192.7404821  
-249.2475393  
133.7148688  
-222.2848118  
126.7352053  
-52.0875203  
-24.72891843  
-138.7912922  
45.34168395  
-130.2121089  
-148.3025439  
42.94716944  
-65.17944991  
150.9667118  
-184.8247194  
-227.9718283  
-92.3764088  
-35.15934879  
-131.2441604  
40.97720629  
126.7266831  
-52.59398979  
-150.4671886  
-278.3658124  
-67.60679292  
-72.35765717  
-123.722944  
-203.438883  
13.4012055  
-248.992391  
-3.419939701  
-82.23552683  
-113.081524  
24.50022166  
-65.743133  
93.33939657  
-6.467286601  
-198.61137  
-9.613159672  
-8.906519005  
-145.4133844  
42.58307549  
42.35400103  
-161.9422017  
-100.5121977  
1.134072389  
-72.45289566  
117.0068516  
-242.0554407  
-74.34907837  
-116.9665868  
-229.7192085  
-69.59385229  
103.717822  
-175.5923323  
16.58231846  
-103.6017813  
-256.1358123  
-104.1715012  
-54.45859979  
-75.93776413  
-22.64829233  
-81.54535324  
27.24041707  
-109.582848  
32.69926941  
-226.2115144  
103.5621317  
-77.5100917  
-120.3768672  
152.2175339  
105.3377183  
-103.39615  
57.08435875  
-86.77524695  
-139.5641429  
-65.76089663  
-115.6251182  
-170.2612378  
-83.19949181  
-222.8909263  
-34.3819616  
-87.71752902  
-36.81677093  
-168.308666  
32.24181483  
-231.751589  
-13.17273656  
-74.34082624  
-107.5792587  
-87.17465801  
-70.49612155  
-9.009854998  
50.11370665  
-52.90762643  
-232.8988434  
-264.2244582  
-283.0273293  
-53.22321373  
-89.64680909  
-40.01509557  
-79.7065687  
-77.48382934  
-16.39205197  
-248.2302784  
-160.557268  
-80.62874519  
-205.3198628  
-282.6360426  
-28.95228293  
-246.8434575  
-84.4380298  
-173.0873668  
84.74468098  
19.3150278  
31.76736759  
-24.68804545  
-119.7395346  
-100.7368726  
13.77022109  
82.88735128  
-60.27345236  
271.8325701  
-9.446490477  
52.33256041  
-130.8580328  
-349.8700439  
-153.9315745  
2.691828801  
-81.15890864  
-36.09020579  
-214.0493448  
-36.99432753  
-89.01583753  
25.93835015  
-0.6837775222  
-433.5954478  
-29.97485925  
-249.0516175  
97.46779382  
-194.4541456  
-70.05372155  
-383.0041737  
-107.3493312  
-138.543933  
-277.2347334  
-176.8829044  
186.5671675  
-51.52294111  
-51.87458204  
1.206305541  
42.12374423  
-229.1893973  
-175.51141  
-110.3254812  
-255.6575517  
-98.62885894  
-272.2627654  
-185.633148  
-20.38603912  
-115.271203  
-115.712334  
120.3866793  
-254.3473257  
-135.1395865  
-127.3688362  
-153.1222057  
15.68029824  
84.35167358  
-24.91619291  
-88.73334541  
277.7585961  
-155.7516291  
-113.8016248  
-6.445922657  
-107.0144858  
3.830178841  
-194.4778139  
102.9075322  
-108.3816731  
-108.3918535  
125.268717  
