429.1788762  
370.7388027  
543.8234228  
3123.159081  
297.6568467  
289.7023609  
302.6234473  
845.2989889  
462.9136849  
420.8407083  
370.2953961  
560.7580985  
340.1043982  
669.2955095  
435.7954206  
635.9652951  
315.3516479  
349.7261849  
1772.216488  
300.1660093  
907.8023814  
800.9145244  
571.4400402  
594.9054101  
922.0057715  
480.6929755  
947.3808551  
578.2209646  
602.4437902  
669.9318409  
92266.92671  
105102.9436  
109536.3311  
435536.9025  
138884.2712  
131449.7219  
133518.6672  
139696.9724  
122287.2873  
179698.4171  
97116.34115  
98047.08132  
132171.0961  
153658.3491  
185645.9781  
142932.7906  
4366.844667  
98092.81129  
88538.22518  
29943.63281  
159384.2876  
37572.92388  
95993.2985  
31256.90738  
107052.0325  
67166.42569  
89723.54606  
124702.0674  
211987.1008  
102217.6104  
70915.8289  
86550.70398  
97147.85959  
157339.8856  
40655.53675  
40995.76114  
103824.0931  
124827.4951  
48987.84671  
39926.55341  
40302.86894  
62193.62335  
157070.4514  
145487.032  
35161.54499  
33131.92839  
56788.5184  
93370.26664  
32818.02813  
46053.03431  
50115.47558  
52803.85263  
51326.60096  
30796.00944  
38945.95079  
58475.39889  
51230.39239  
72060.82972  
35252.23027  
38521.07753  
75739.623  
46292.15679  
53765.42139  
45343.94977  
43194.34513  
29729.4598  
50408.45683  
35681.11168  
55023.30745  
43114.6899  
72600.04698  
46076.26246  
52724.62514  
23525.48568  
30321.16566  
28214.6904  
34043.44867  
39593.57232  
39737.74195  
68083.43215  
65323.55065  
44628.75241  
114792.1857  
51363.37803  
45565.49121  
36581.52533  
38942.0389  
41738.68663  
39774.9295  
77463.18456  
68685.83512  
31421.63025  
41467.14472  
42549.48689  
57497.05825  
91912.56493  
84637.54921  
40083.66046  
46855.27798  
38470.50603  
50079.02909  
36869.24946  
43599.57248  
44625.74827  
35214.94644  
35098.88163  
40619.27624  
35569.14744  
48149.90496  
49674.96494  
49875.75396  
42403.65817  
51265.04866  
85078.79293  
39439.85082  
33656.11896  
30774.4804  
123669.1695  
35097.52732  
27249.08996  
53175.26941  
41626.9824  
203653.6969  
34620.81191  
76262.97735  
159156.9924  
59352.13764  
47030.81559  
45700.21267  
55360.95693  
44857.39349  
70908.56906  
31415.59967  
44501.82075  
48386.52806  
40037.43002  
108694.2058  
50377.75474  
31371.45203  
59858.15325  
51117.72801  
30300.32261  
56620.32051  
34189.35989  
61007.67149  
34727.13695  
26671.32265  
39331.23651  
45527.49068  
32230.76047  
30032.47238  
28983.40354  
48825.39863  
35954.19844  
47167.0333  
27918.3051  
36639.46468  
75169.63947  
31379.10697  
47012.28779  
181872.542  
73608.83837  
204060.8045  
61918.67099  
60207.72149  
24658.74414  
137324.6929  
42070.54586  
97427.7564  
30919.72533  
41050.1538  
108502.6364  
88561.5332  
55633.26018  
85066.2216  
51771.22544  
32614.20312  
86929.86788  
43451.23835  
63223.06206  
40318.70034  
51462.44386  
50112.26184  
67994.52373  
100163.0576  
68393.38685  
76543.8897  
30227.64111  
74261.31243  
111001.0371  
57797.02864  
63699.12711  
59784.27398  
77309.07291  
145059.4428  
38268.56667  
97056.0781  
163987.6015  
165378.3684  
51568.54755  
31636.13587  
43587.66072  
132480.5289  
117039.9458  
72550.20169  
68524.46134  
18433.24115  
82973.04971  
31351.98504  
45628.92468  
84171.63407  
39423.80381  
60169.40859  
74240.51192  
31522.51246  
119068.4271  
44519.76969  
38818.33522  
116708.047  
153620.7556  
45487.23625  
86482.02429  
107457.7399  
94715.97558  
51521.07811  
51798.81494  
51405.30215  
67019.22277  
67607.66891  
31710.09181  
34461.0088  
90836.37267  
78034.61814  
49704.3288  
78885.62393  
38149.29423  
69132.20116  
34174.1764  
59367.94234  
75751.70268  
35840.12607  
76615.04948  
78466.75913  
54876.23731  
92232.55761  
67215.10941  
46928.47236  
210483.0762  
54251.91651  
35353.5303  
26882.15036  
57285.63486  
29589.30643  
63212.27904  
52291.3622  
144359.2366  
48563.55725  
56154.85723  
