2430.969924  
1909.129335  
3292.106458  
15360.89639  
1629.635804  
1353.208368  
1401.120092  
6382.228432  
1482.212178  
2019.82866  
1818.994571  
3521.449728  
1795.030118  
3709.613683  
2806.086521  
3108.264592  
1509.55923  
2122.679201  
10355.62909  
1178.463433  
5009.27274  
3834.50062  
3747.38889  
3116.956069  
4391.665141  
2416.897125  
4114.533446  
3099.296194  
3419.391474  
2614.681257  
300309.6433  
379700.2279  
381897.4044  
1641376.583  
449325.1315  
487312.8682  
498368.428  
564026.4102  
403225.4323  
754789.5206  
365761.8054  
350478.6154  
478727.3975  
612449.9362  
608258.3334  
632117.3697  
56398.69085  
394733.5462  
295096.7353  
112459.6152  
791704.404  
126277.9743  
315630.6873  
126943.7376  
397866.3216  
276248.1926  
292400.8058  
488368.7497  
631707.865  
383427.6775  
266460.3371  
330852.8007  
294994.8031  
563954.9448  
142575.3227  
143747.7999  
340035.0283  
470461.032  
161104.6622  
137055.5236  
159699.7072  
217815.39  
613792.8843  
595968.7568  
124305.472  
117657.4805  
164707.774  
359300.4571  
123325.3285  
175272.6072  
169454.7347  
212051.9929  
184915.1041  
125553.0323  
149381.657  
204091.4733  
187741.0329  
276265.8001  
124624.3306  
134228.1328  
281064.3655  
200393.4984  
193613.7972  
161479.3004  
168957.2168  
104869.8371  
176736.875  
134064.5646  
199299.4613  
133898.1787  
310678.2404  
177839.9744  
207981.0609  
82815.09452  
134714.8499  
111135.5447  
130996.2376  
139993.2876  
151370.2002  
237203.8368  
283797.5853  
208307.2396  
357418.1744  
208303.9348  
176158.9537  
150170.5083  
148050.3595  
171591.0571  
136357.8938  
265347.8456  
218707.6697  
125079.5292  
166555.4699  
148128.2992  
240690.2569  
363851.0948  
312147.603  
157204.024  
187083.5825  
129231.952  
158703.2239  
139449.5021  
149016.4904  
144123.0726  
144751.2275  
137916.5941  
135410.4635  
138292.0852  
189432.694  
191638.5615  
183904.6445  
159557.8644  
191981.9213  
331674.8622  
137246.2207  
113153.3779  
109715.7127  
542088.0143  
135685.1346  
100267.5848  
206257.2902  
142836.0654  
871311.7482  
117336.3565  
337399.0818  
516690.5856  
210249.8953  
177155.9257  
200925.8757  
213934.096  
199032.7364  
224662.1452  
109236.1663  
151461.4298  
180323.4977  
158373.5101  
439468.1467  
181020.1894  
130164.7714  
215553.3271  
173715.4688  
114612.685  
192284.4185  
137049.6131  
245208.4064  
138656.7188  
108228.3337  
166050.1848  
178566.4271  
114300.1164  
107770.5294  
106242.7752  
201636.8584  
128698.0885  
168955.9  
94671.49628  
124701.5943  
247864.8649  
116629.4617  
177636.8745  
492414.2892  
372161.1397  
942167.3583  
241267.7912  
243044.2779  
95464.81802  
448889.2862  
165119.959  
388864.689  
122039.7894  
136611.8445  
384883.8765  
298007.852  
232201.4686  
427820.0568  
204558.6194  
127158.5454  
344585.1574  
173707.8066  
241086.1332  
134594.8939  
156721.6093  
192146.1961  
284185.9676  
337316.4104  
239719.1535  
286391.2925  
101685.1305  
256065.6495  
418357.4898  
209053.5846  
241876.0677  
220397.7462  
277964.0015  
526244.0879  
131635.4394  
329291.0729  
496127.1328  
585220.8134  
203581.3557  
120233.3872  
170005.4819  
602888.6375  
520288.667  
253132.8194  
221143.1735  
67773.35972  
338378.8538  
98134.46589  
167237.976  
327421.5152  
147305.9981  
281776.7026  
278432.8424  
114495.7801  
421574.2441  
186507.3215  
167361.5197  
444632.8393  
503480.6502  
169981.7052  
293388.1884  
417406.64  
294819.3784  
219007.5933  
180156.3689  
173208.7546  
226369.314  
266378.2035  
120418.5973  
123706.4704  
368577.2388  
244068.8213  
187810.1103  
323367.3685  
164859.7354  
237756.798  
115208.4217  
186475.3648  
247200.2399  
124405.4195  
303223.6982  
275207.8117  
195272.3588  
309318.0255  
334783.2632  
169522.5522  
730623.2314  
206845.7712  
124261.8616  
120402.7781  
236146.8555  
112527.2436  
233493.3961  
253682.6517  
446295.587  
159059.8711  
176698.2561  
