443.900651  
439.6158624  
538.5800644  
3159.151094  
390.6836247  
374.3208161  
308.5306219  
963.7428448  
352.21576  
361.2977739  
353.1179175  
819.1944299  
318.5633063  
598.0892997  
605.8727982  
586.6694339  
295.9556987  
321.1387806  
2007.792456  
317.1240302  
1227.798409  
697.3676907  
566.5516583  
693.7988779  
945.5464679  
440.9727584  
951.5082514  
599.0338634  
719.0225315  
520.1096503  
83949.11753  
115720.6968  
117301.7506  
592195.2892  
133139.1383  
143136.5688  
141059.8347  
130543.7116  
138903.005  
209689.3938  
99060.3803  
103428.8708  
147579.273  
153989.4075  
167784.3243  
146955.4127  
13723.83406  
96330.34791  
77473.31207  
33082.61491  
167752.5175  
36991.35236  
80681.10917  
33517.84245  
109341.3004  
76158.60232  
85079.73192  
133913.5455  
195657.6542  
109864.0246  
75423.83129  
86363.63827  
83827.53465  
139411.4406  
39662.98903  
43986.97032  
89731.91942  
132221.3958  
46009.43265  
37898.49398  
48635.56453  
62578.46227  
151641.7208  
139127.7904  
33781.69695  
39686.4093  
49820.03037  
94595.62252  
34065.96767  
43756.51006  
46255.55737  
54015.78523  
53806.64505  
30320.77552  
40588.60386  
56731.97034  
46012.92942  
70133.96435  
32223.82794  
40902.04363  
77979.47415  
51083.55489  
50855.65268  
41743.27564  
43586.78372  
28358.33472  
49107.09712  
35585.51823  
54369.65238  
38787.90037  
70574.23448  
44045.78822  
51341.20117  
25481.96588  
32583.22198  
26964.5676  
37782.87057  
36276.8004  
42667.53567  
63233.26685  
66740.39755  
55932.10183  
105210.5893  
51137.86193  
44652.27378  
35998.09757  
35947.18038  
47655.24398  
38453.30189  
73320.95341  
63889.6792  
40291.34413  
43148.79591  
40245.41794  
73109.66475  
96188.10996  
68777.71126  
39109.64938  
42457.07808  
35618.79098  
45729.54636  
39619.36287  
37288.63682  
43525.33258  
41729.23017  
34148.06746  
42900.51384  
34464.09607  
49231.3469  
52420.12634  
50061.91075  
47878.87816  
50706.41312  
93396.31817  
38631.19143  
31120.88772  
28552.31992  
116632.659  
35810.1185  
27688.25023  
54877.26651  
40865.55225  
207758.1237  
32112.87372  
88276.42434  
157169.328  
60782.37987  
47958.47473  
43264.93893  
64455.25806  
48679.6472  
67521.70897  
30890.49006  
46866.98896  
54228.87846  
42553.0481  
133449.2646  
53392.75128  
32023.99342  
57211.86847  
44077.89373  
33117.48083  
54401.6765  
40421.48516  
67003.40961  
38645.16968  
27902.05061  
41125.09663  
41758.10963  
32514.90057  
30208.86694  
28465.27059  
49196.91651  
35557.97861  
36136.25694  
24505.33867  
34153.08711  
69951.3424  
35497.02131  
45704.91286  
152632.5572  
108201.0561  
191284.1798  
63269.42443  
53213.72526  
25173.25075  
134387.5612  
49133.41432  
91897.48327  
30317.68935  
34457.02234  
104248.8555  
87547.36952  
43733.74327  
89649.83971  
55097.54518  
35076.35442  
85067.28845  
42170.73072  
52212.53879  
34799.43783  
49577.93012  
50163.00833  
71478.21534  
84228.57383  
58639.31371  
80048.52023  
27315.39057  
70937.30145  
116210.4198  
58097.112  
66939.81467  
56228.88721  
73539.83302  
122961.3208  
38146.16125  
80677.31832  
148548.0524  
166241.1091  
58387.17912  
36021.31909  
46598.76496  
161513.3787  
105503.459  
62046.25121  
60461.76649  
20688.04855  
77432.51849  
29429.10796  
40928.05572  
79329.44615  
43853.87289  
62340.00718  
67137.5347  
32096.6207  
122896.8974  
43775.54398  
43509.09515  
117746.2678  
123765.8831  
51654.73896  
71887.32959  
105707.277  
83882.98984  
48899.50184  
48266.59939  
50769.55102  
67414.9543  
70087.15426  
27161.51104  
35212.98359  
92010.00992  
66841.95062  
43494.72501  
86668.04604  
42884.36625  
67918.67342  
30876.58444  
61222.43511  
72498.66374  
35016.36631  
96328.92745  
60665.43819  
56539.15291  
92529.9147  
72606.8417  
48567.90075  
207847.2339  
61911.12567  
36480.88614  
27661.70393  
63971.45999  
29408.10906  
68786.88178  
59951.19057  
133891.7011  
50209.52127  
50841.73331  
