9.147880622  
-2.445736233  
-21.79035065  
40.74274312  
18.87933072  
1.081896905  
-14.86169029  
31.95220431  
-1.243963281  
8.973797491  
-18.85714235  
3.600152362  
-26.93131117  
4.919887949  
30.76910694  
-19.46336437  
1.965658915  
5.865667587  
-16.96280572  
7.912246854  
-28.86231779  
3.243604873  
-10.74623975  
45.87638036  
6.661738787  
20.21438241  
-4.3158683  
-3.648027092  
4.258880847  
1.690331611  
101.6335052  
-152.4540294  
349.023847  
75.60271238  
121.4438601  
31.59008933  
-29.96691438  
12.69356104  
-194.4478984  
123.535318  
-90.19272357  
-68.31834201  
-162.2917667  
-5.147704725  
118.6706543  
-221.1018504  
18.39707498  
-140.5462106  
55.09193273  
102.0696133  
-153.2795496  
-52.65692064  
-142.9028662  
0.4291888838  
172.938514  
252.3627063  
35.86768416  
98.51808303  
25.30216358  
53.37908767  
-114.2392918  
138.9579434  
86.53751111  
46.40464614  
-32.60530593  
14.51085075  
102.6455019  
43.89811495  
288.8683889  
217.9806692  
-174.6537762  
13.23989226  
-73.85865415  
-212.4962275  
108.6584463  
50.0641125  
68.23156457  
79.53770364  
82.44092277  
64.17828925  
312.9955761  
27.49121362  
111.0806523  
22.58465395  
-72.07499905  
-69.85604403  
-149.8865175  
-64.20356944  
-31.63797321  
76.43789813  
8.660325037  
-157.785134  
167.2149588  
157.6752946  
6.199167522  
137.2368049  
-30.40563661  
-34.76248751  
118.5312663  
-58.110306  
219.4068498  
-12.73527467  
-143.8807847  
22.8451539  
10.48183239  
-1.357016229  
10.60876058  
-45.70125384  
2.591908441  
-74.65504541  
-17.89410779  
92.86341778  
259.3678719  
-92.44775463  
-50.90630524  
-78.31440609  
-46.47846664  
-70.23880064  
-91.40349414  
449.4530992  
-213.9365691  
-27.10125481  
146.4662197  
-97.29995316  
-138.2647902  
113.5526797  
134.32114  
44.04276089  
67.25857842  
4.002132369  
-13.83937696  
73.88811426  
-151.6137338  
2.533098671  
-162.2571341  
-89.10705245  
98.41117054  
123.2567618  
33.0079955  
-79.54730252  
-100.5423597  
-3.148244843  
-55.92975373  
-286.620706  
-91.62038601  
6.766724414  
-15.47305828  
70.65412158  
70.38460716  
-0.3826040882  
146.6873068  
61.31436004  
-275.0851111  
81.31144471  
171.2510391  
215.4114379  
-24.14336043  
-132.716562  
-98.3804811  
110.3959712  
181.5097232  
64.60257917  
-70.94045901  
-75.04761092  
-110.9542191  
-2.446671871  
12.19824101  
316.3184667  
120.0346602  
-17.73257324  
-16.2146919  
-3.505447644  
-4.957912551  
16.30789323  
46.23403118  
-105.2147884  
-46.30756776  
-8.300499949  
5.358820833  
86.72899983  
142.4128941  
-6.167709514  
79.7073757  
-66.6715656  
-74.70767216  
-142.4024261  
-275.3066865  
-29.29048476  
-6.73525592  
-149.4809185  
-79.37459775  
101.0965792  
-229.1514287  
215.0125739  
-169.8464314  
75.27812699  
354.3630185  
140.5387216  
42.02318491  
176.0055619  
13.63983623  
25.39913916  
-126.420263  
-143.7543889  
-2.252680215  
-27.7040122  
-54.25238162  
218.3381965  
-11.83127649  
-73.36160931  
13.8291502  
-125.3486162  
55.76620232  
-426.5186885  
-9.661493703  
-12.81402321  
100.2833641  
5.197210123  
-50.98909411  
-4.285667366  
373.5907359  
89.44534179  
205.9393525  
160.129313  
154.2642233  
-120.6510462  
114.7031444  
45.9238647  
42.84480595  
224.9002467  
80.3331397  
94.57637845  
111.5799303  
-50.22665221  
-206.4244514  
25.36595617  
-84.32662386  
-29.25533896  
130.9062372  
28.96595101  
96.34455791  
232.0479131  
-152.0925816  
92.81200783  
-71.77462179  
288.6573372  
28.20600669  
-38.18285845  
170.0629176  
-496.9310704  
-107.9809454  
-381.3697222  
365.2763709  
0.4883405774  
55.29105514  
96.58775754  
-259.1374746  
328.9211185  
-250.4014259  
14.87856357  
-25.69905982  
-136.7575201  
-2.113417357  
-130.7542203  
-186.9303561  
-11.8286905  
-131.4605877  
-164.3584664  
88.14686591  
42.87124074  
-65.4900535  
-46.02153038  
-154.1641385  
29.33272616  
67.87878087  
138.4842452  
-33.00358457  
-47.86405962  
-18.50005086  
334.6731837  
-113.3858728  
-10.84662097  
-89.34840464  
-81.49584124  
116.9541312  
-93.53470018  
-19.73122071  
214.9308925  
