69.0084723  
114.7841978  
-11.71885204  
-8.545806963  
72.70138903  
83.06302107  
77.5132179  
63.88673484  
54.85396122  
88.94273793  
-34.47565788  
-39.67963455  
30.21192343  
92.72959852  
40.56452443  
39.01222579  
38.52628448  
77.57247774  
111.4582326  
102.7335756  
-57.97591087  
-16.07018055  
105.4903808  
13.54161839  
13.48860406  
84.14300275  
57.72119276  
57.99914511  
39.13803548  
77.20574877  
350.3139038  
259.0919981  
439.8349695  
-316.498608  
226.7704685  
363.9808633  
552.9585144  
485.1655867  
72.04513975  
-0.643541744  
49.08836552  
207.8357602  
82.68902988  
-214.7676444  
272.6181039  
-199.7437622  
120.6941106  
39.27313573  
112.5965765  
744.0856719  
298.297568  
304.8982117  
-30.29610903  
143.2866907  
468.5159787  
903.7400176  
11.56432745  
953.773246  
655.46091  
440.0622864  
393.9305972  
555.4126426  
357.9011254  
721.4043007  
162.0931759  
52.28998567  
449.6732688  
292.4688099  
463.2473432  
238.9373785  
-138.9975503  
301.7370631  
-125.6206805  
477.461124  
453.0458053  
232.5885876  
-15.8424074  
449.4014403  
71.27361833  
448.349864  
414.0311522  
247.9183734  
298.6798355  
502.2915217  
-0.966123973  
288.3169733  
240.0087036  
111.8862974  
374.7499527  
294.4841799  
40.27848391  
433.4851467  
113.2231339  
239.2067523  
105.4609334  
505.1828703  
343.1957781  
522.3997533  
403.2364015  
421.989439  
-28.40300013  
155.0752221  
-25.32449218  
99.44368635  
462.9657168  
356.9330839  
234.8230417  
873.410612  
-39.5998107  
140.776445  
93.78115894  
119.8504256  
646.3958735  
235.364065  
377.6539445  
310.8256392  
319.3422368  
-290.7221681  
182.0351371  
266.1557516  
188.1449127  
1053.727565  
593.8808389  
417.5581881  
-26.61198182  
389.4258475  
149.1850305  
176.3929708  
370.5098788  
680.8741715  
460.0533539  
115.2410453  
252.0463505  
704.9832053  
-28.80317136  
45.03374979  
219.3606581  
526.5199188  
578.3002666  
99.65864932  
-106.9373388  
563.6577423  
115.1990551  
70.05190413  
59.37691567  
192.769632  
478.149574  
-471.0366358  
59.37269784  
238.1060717  
278.3246687  
75.15716568  
121.8784906  
248.1944788  
895.4895922  
913.0551983  
444.9907601  
260.738166  
-55.49241934  
-56.14388287  
832.146157  
459.124556  
344.4307967  
571.737052  
263.5463938  
449.7885106  
495.4388192  
724.862689  
662.9182929  
-114.893304  
766.4950632  
248.7018526  
446.9533286  
215.1489865  
739.5562469  
115.8374452  
39.34042314  
705.0395418  
390.168232  
194.3656955  
565.9268222  
412.4591285  
356.0914569  
524.9526109  
382.0610646  
29.90229199  
399.4326077  
352.7103372  
522.496527  
224.2134594  
-198.1379519  
308.3802845  
-181.8125006  
689.5404024  
-100.7226208  
310.4432023  
616.2944438  
645.1644287  
150.2621136  
528.7789229  
54.45338869  
915.5234078  
260.9735451  
264.7400924  
143.8045295  
620.5050846  
404.5839409  
848.2043016  
353.9272753  
179.1677319  
554.5449637  
-24.19983536  
557.1100833  
32.37510498  
312.4431197  
65.6785109  
646.0647386  
313.9426169  
114.4574757  
180.5740007  
860.5330974  
101.9518781  
134.9143754  
604.5143652  
1091.437556  
128.4235865  
142.0969573  
881.1886794  
211.1994566  
392.8275539  
169.3960856  
219.7811422  
919.4909655  
104.8984551  
-164.9153522  
52.2308655  
232.7803903  
341.4160756  
676.129567  
295.2838375  
159.4022075  
658.5907174  
925.2757574  
603.8223801  
257.9590746  
775.1338168  
611.0155916  
215.9659145  
552.1995503  
-10.71875426  
36.39541611  
7.836959955  
1060.473689  
97.72575727  
186.0210724  
494.1316079  
-156.2119128  
784.795892  
-228.4816826  
627.5591987  
430.1847418  
354.6494813  
188.8957353  
536.3251009  
404.2238629  
267.8698791  
163.1296741  
69.81950416  
369.9769848  
578.2699212  
338.4132872  
234.3823457  
171.1627563  
619.5642596  
-306.8410556  
304.6559524  
-69.98409713  
-303.6930477  
583.1829813  
848.221696  
-68.67617234  
-117.1845037  
81.09875686  
94.91834279  
346.4056159  
99.59549456  
-9.553837873  
313.1269281  
