423.5723922  
398.751471  
612.4782348  
7393.693276  
349.2671819  
288.055528  
299.5474016  
804.4573022  
391.8870212  
374.5427067  
324.1844618  
740.4678795  
332.300593  
454.9128674  
472.7008884  
426.3176801  
319.3119053  
477.0232733  
1796.507761  
290.0096633  
785.9168102  
1081.691573  
641.832661  
628.3202328  
774.1811304  
539.8860503  
880.4468079  
615.7219705  
464.9301421  
497.1403086  
83480.21689  
112834.8347  
110758.1469  
471500.4235  
132805.944  
139565.9298  
133989.4504  
125664.4226  
120356.0158  
179999.4558  
94338.4008  
110108.775  
113942.9148  
158970.7446  
157608.2874  
134987.6317  
4240.15753  
107409.6097  
79806.96113  
27460.47963  
167475.9438  
37223.81995  
76572.16489  
28674.51556  
111411.5596  
71306.16084  
75854.73247  
115713.2107  
183937.3903  
106308.0078  
68986.57921  
89783.27784  
88714.85545  
132994.3657  
41108.39691  
35093.67935  
93384.69698  
121997.1042  
45891.33548  
37173.98564  
42173.465  
60411.6008  
155366.3222  
125838.9372  
34816.2397  
33066.77465  
54217.77405  
86016.3758  
31764.67746  
39725.56276  
45603.89928  
55172.84463  
51536.1869  
33412.21567  
38851.66974  
52031.95081  
45899.1086  
78718.97744  
31821.47392  
41078.29645  
81345.43208  
44939.39075  
52671.74029  
42207.55842  
41677.81173  
28464.56552  
52899.54393  
36088.15526  
52766.79535  
42177.05516  
77467.80412  
47890.22203  
50586.57832  
23536.34799  
30607.32403  
25984.41465  
36809.36701  
39457.43743  
41711.05844  
70647.19966  
64823.45133  
43817.89141  
120315.0705  
52681.9851  
41795.58829  
37852.78271  
38522.95845  
44381.77768  
35737.55845  
77021.64976  
57716.53842  
33546.85042  
44889.61166  
42406.31884  
71080.80019  
102943.6773  
86997.43361  
39811.1633  
39645.86459  
39938.97182  
48668.69951  
38861.32516  
43457.42394  
42698.99894  
38807.5374  
39060.16593  
47795.69924  
34193.53572  
54143.24926  
53529.4074  
51087.09691  
39781.89809  
52593.054  
89580.38061  
38847.22419  
29957.98561  
27560.94174  
116291.6272  
33082.89386  
24675.79011  
51595.48058  
40943.2484  
200441.8244  
31635.79037  
88728.95109  
151091.6968  
55399.21737  
52501.32783  
49342.56491  
59005.78732  
43537.46755  
63353.33878  
27907.0365  
46852.2244  
49148.1212  
39373.31415  
125622.6658  
51066.19011  
32433.75192  
56424.92783  
44382.71394  
30679.31264  
56100.86256  
37376.88484  
60935.98413  
39725.41832  
31393.63307  
44219.30644  
45079.91561  
33100.52803  
28538.97492  
30413.78719  
50556.6683  
34241.08511  
42937.57231  
26070.35998  
36674.53528  
66763.08194  
32960.61775  
41720.83168  
138897.2886  
74066.96972  
208568.959  
64605.64972  
55275.24951  
24039.93286  
147142.6388  
42205.30729  
89861.63999  
28953.68733  
36267.65475  
93801.30264  
82216.76453  
50726.23763  
86838.23273  
56033.71341  
33695.80357  
79483.06658  
44611.75424  
57507.31414  
41185.57149  
48825.65107  
51955.01572  
82281.81919  
77968.19735  
60820.57353  
79547.30699  
26803.34128  
67054.0687  
117104.7206  
68869.94035  
56258.85565  
60529.72507  
68049.83778  
128797.0639  
37177.34042  
88114.04919  
174041.7678  
152538.2254  
49842.58349  
33336.57047  
47217.48084  
156719.3144  
136903.2446  
60493.93025  
55614.73934  
18875.64003  
93097.16487  
26852.59323  
44773.50125  
80858.93346  
39955.7117  
76614.53669  
60996.69732  
35333.67929  
115209.1308  
48293.17478  
38675.38675  
130632.0934  
127871.7921  
41833.60167  
72819.90618  
112019.3912  
85229.1812  
45116.25011  
41203.94644  
49289.91209  
63264.72448  
72358.92047  
31205.26177  
39677.31775  
103538.0987  
71459.18279  
47243.7295  
94328.93874  
42177.70744  
73826.27591  
32039.77546  
61915.91968  
73504.53122  
35372.20884  
73707.77068  
69104.66429  
58015.26531  
96550.83043  
69919.75783  
42432.69233  
190644.9683  
54576.71556  
32916.44824  
27811.31896  
51539.63011  
28415.79244  
69471.37458  
55452.84537  
122964.3654  
45337.47996  
52433.29039  
