24.89095729  
-32.27557617  
-9.467638245  
-24.21304377  
-9.880925894  
-11.9300189  
-20.5406902  
-24.16813078  
-27.67611787  
-19.82445588  
-38.79569181  
-35.2947109  
6.615191199  
-17.68326396  
12.56601721  
7.349142921  
-22.93559375  
-6.203873834  
-48.15883929  
-14.97660808  
-22.26115016  
11.17106689  
-41.71908623  
-11.91922214  
0.5952739232  
-28.77037456  
-25.18718552  
-17.57981428  
-3.817146101  
-4.563464273  
134.1566775  
-201.6406315  
34.26578275  
160.165655  
38.34217818  
-64.96235163  
-346.4182196  
-31.0109695  
-94.65209066  
-13.76680812  
40.84091275  
-78.47297871  
-195.7351657  
-20.59957621  
126.4232301  
-319.4506228  
31.86888733  
-95.25131436  
53.02705396  
-4.489463048  
-110.2636069  
-220.1357428  
5.326938529  
-70.68954605  
-137.5116409  
-34.52132163  
-39.22042332  
-261.0563209  
125.6019645  
20.93066014  
-250.4327035  
-173.0151545  
-38.84735336  
-129.149883  
-42.2481209  
101.0915335  
-120.3531312  
-81.93453299  
109.0964387  
45.86728641  
-16.35971926  
-124.5490734  
24.4836684  
-156.0178674  
-158.7596203  
-120.943594  
55.39443153  
-289.785274  
77.81144794  
-254.2636664  
59.97202295  
-95.81825944  
-40.83106507  
-93.18415388  
-150.2823239  
-132.6464671  
-293.4960539  
-56.65416844  
-280.8816603  
-5.547824329  
45.09704817  
-39.68285154  
36.21683863  
156.0916435  
-9.851369356  
-37.87657324  
-33.91445549  
-291.9810444  
37.50253437  
-118.4221883  
227.2989642  
-52.74851347  
-283.1112417  
-18.66252548  
-32.19097634  
-85.93144921  
-132.7437972  
-146.8520848  
-109.3418532  
-282.7326716  
-17.199415  
-28.80109094  
-37.80355798  
142.4305838  
-273.2402301  
-264.167372  
41.99434344  
56.28238481  
-126.7531811  
107.6521069  
-253.2760762  
-297.9753532  
-6.201662168  
-208.9957886  
179.2821764  
66.53529794  
-106.5949994  
-31.97407971  
-89.28330978  
-123.146703  
-161.6865303  
8.662058291  
-232.3794104  
-242.5870093  
-117.9643998  
-188.5783803  
-69.26443746  
-7.818717713  
-226.7944946  
-221.117844  
-125.7834395  
-229.6819671  
-42.30250704  
-242.1026494  
-0.8389974333  
35.91889696  
-221.8615646  
99.96121947  
59.32981559  
-50.69049451  
22.43609762  
-50.26918264  
-408.6223739  
-8.621596382  
21.56079941  
-256.5548424  
-124.6878472  
-215.2876369  
-43.19175309  
30.02210014  
-54.28978238  
-97.05640793  
-78.56209416  
-69.89093462  
-35.54421956  
-90.81138295  
-202.6472377  
144.2428624  
-212.4862976  
-79.45571227  
-188.7634129  
-116.6072786  
-268.1974516  
-0.2152803484  
-156.6452785  
136.1578095  
-7.520043711  
-239.1161396  
-68.31032768  
-35.72515152  
-222.7414806  
-55.47499761  
124.7597636  
-197.5464217  
-69.35503332  
-149.1463716  
-165.8783102  
-6.008311785  
-91.30274127  
-152.4934509  
-240.4360363  
102.8143497  
137.117488  
-174.9182252  
-14.06889422  
-107.9906557  
-195.4919548  
-60.91099377  
-80.67619185  
-48.55197097  
36.1374209  
-132.9122088  
-121.9477533  
-43.2071521  
-115.1878221  
-110.3018655  
-91.15063562  
-41.03998847  
-219.0080765  
-210.8619917  
-139.502637  
-41.13514933  
-168.377644  
-143.7460036  
-111.4474379  
-2.620916715  
-148.9413935  
-87.2783852  
102.4981809  
29.23730117  
-12.51335053  
-36.05352206  
120.2054607  
-40.62127981  
-216.659239  
-249.6924552  
17.41798594  
-290.758316  
-166.2977316  
59.27539316  
68.94691671  
67.72705846  
-137.3024169  
-18.86314225  
-199.1517792  
102.9371486  
-134.8853384  
-132.3612229  
-58.32446347  
-4.683664832  
73.72163135  
-82.56477037  
-464.837844  
52.16435298  
-238.4730687  
-81.35860991  
-164.525513  
-100.0028731  
-50.16598658  
-193.4714026  
-48.13511063  
-311.7366089  
-9.674293955  
74.17676881  
17.75170971  
-2.140746619  
106.1096726  
-24.05599387  
-167.2128067  
-148.2211473  
-113.3359757  
-160.5844727  
-105.5420517  
-140.4040535  
-321.2801943  
-218.8716474  
18.80509456  
-131.2259022  
19.08165538  
-161.140457  
-144.8926014  
-145.6564194  
-164.2222303  
-42.97937438  
243.93431  
-78.80700338  
70.91092841  
103.5783975  
-397.0401495  
9.281581925  
-156.1322337  
-24.98864876  
-43.08632785  
-31.7380934  
-40.02792818  
-18.47932306  
101.6761047  
-62.19152125  
