32.33211466  
-10.7635721  
-12.6807625  
-6.679402818  
25.8143918  
25.00601582  
8.489939752  
28.13079625  
-10.05965357  
17.58994762  
-27.69102223  
1.039521397  
5.639727244  
28.55563727  
6.387246846  
13.46136436  
-16.20636046  
21.70160668  
3.831690489  
41.05912018  
-30.44929657  
-12.63281685  
-11.71520015  
-8.865893525  
-16.56053518  
17.70262152  
4.781558681  
33.41248764  
26.83904668  
12.36356156  
196.2141183  
-41.02378953  
240.0129077  
-19.56557744  
165.3382872  
87.11021272  
114.7072981  
278.0316889  
-16.34306834  
-25.42095172  
-76.77461587  
-17.05954132  
-17.35149769  
-28.19296592  
367.2195546  
-339.9220747  
-42.26811908  
-46.72004855  
136.3104434  
118.1998344  
-122.4819036  
-95.46166067  
-103.1800108  
48.0189787  
93.8091002  
190.7506079  
113.4983285  
26.21177705  
434.0596027  
246.957014  
-5.572810604  
-31.75667858  
-22.96559569  
193.3687019  
37.78290934  
9.430833742  
157.4707253  
7.725445008  
144.4015542  
90.58754905  
18.19462041  
-0.793801935  
25.01404154  
89.87819949  
37.80081051  
-50.68264652  
2.885246843  
41.44928437  
50.15303942  
54.32531863  
194.0335601  
25.51845375  
78.63149609  
92.83418045  
-36.76705418  
89.59872359  
-115.3834889  
36.5211036  
-64.08435781  
12.46812954  
53.74149975  
87.88164623  
119.9637657  
-26.43248149  
78.99296822  
217.5425676  
13.95152704  
103.4079169  
32.07748775  
71.99951742  
213.3220701  
131.7477632  
-70.14727214  
75.41618516  
100.8542682  
-35.45507465  
-12.74630884  
175.6023153  
-65.19516623  
-188.3409592  
94.68610471  
-29.75423936  
85.08787876  
267.7743258  
-57.38881656  
-81.7602406  
63.24163648  
85.87961072  
-85.8954258  
70.8417059  
-116.878619  
203.8089114  
192.1933141  
104.3193333  
11.25526486  
76.95806773  
40.42763691  
-8.90602238  
51.57794693  
123.5101002  
4.316847434  
52.40466502  
-80.92867071  
248.1005578  
-0.752394403  
-228.4976491  
-120.5058512  
256.5849007  
-21.07622468  
-52.25143809  
-78.43300368  
88.36660249  
60.88987259  
-65.71694171  
77.01406718  
95.98700307  
57.00021337  
-53.27190652  
-35.50362879  
-64.32160603  
17.55395038  
-38.8116138  
-292.7837947  
154.6753648  
185.1829903  
69.47237291  
121.4957289  
-35.39838718  
59.71770448  
15.62994254  
56.22330931  
251.1176986  
95.26212274  
182.1759604  
-44.28612569  
97.86722709  
-89.53761481  
300.8954191  
121.4096471  
135.262746  
229.7889818  
-14.00024179  
-27.81157219  
163.9874104  
171.8119503  
90.15979046  
-26.78964899  
91.06088881  
24.36378847  
96.13340222  
-10.24114921  
68.764399  
113.3813203  
72.01837966  
9.14297282  
-39.08857795  
73.77457706  
154.5203664  
155.9140147  
-129.9214367  
-354.9405349  
132.2612755  
-177.2046024  
126.3579284  
-89.45972669  
10.58858327  
137.4674645  
243.0776413  
-29.3035185  
208.8756898  
-53.00640245  
219.1826221  
-213.9220272  
174.5178572  
-22.23786628  
216.9159678  
139.1634688  
144.4139472  
-24.54266712  
-54.52470748  
25.70360825  
-121.9535218  
-66.2810086  
-94.56760406  
-141.7487148  
-55.70988122  
89.70898732  
77.08418899  
-81.44971503  
213.2604903  
276.7110916  
-99.59052165  
131.1316151  
172.5453428  
186.3328703  
-114.612899  
55.71930007  
-11.49522096  
-6.824114543  
116.4201923  
72.10060135  
108.7244709  
59.49946842  
217.897351  
-96.45680737  
15.06583018  
67.10279536  
-94.8442329  
97.52478379  
37.12043631  
-16.41803337  
172.8131504  
-91.02271203  
66.08973538  
-110.0720844  
237.8686027  
77.58604229  
59.9139336  
19.35409878  
164.445991  
-166.7765612  
-89.47475591  
46.97022899  
86.67697775  
31.83228109  
170.4873545  
107.4515467  
111.4977863  
-212.4757897  
67.90186901  
115.9382225  
-250.3301653  
-131.177659  
81.71363144  
-116.904333  
-8.699593415  
-15.46542085  
-2.339756409  
146.7986375  
185.2679094  
1.82053406  
149.6632554  
-20.2576035  
241.5042814  
-18.4828364  
87.98837  
-13.83553416  
-59.05375629  
-158.329974  
174.5146748  
-38.18262406  
-58.5393981  
53.68216516  
29.79301418  
69.39255646  
20.49076054  
-46.78696688  
72.01642873  
