448.5377219  
478.6269229  
528.8317939  
3136.577423  
275.7667936  
295.8379718  
359.7377203  
1005.764967  
423.4010331  
450.2814804  
369.0510935  
797.6623298  
394.2524932  
700.9247163  
510.4830332  
835.073303  
368.0695493  
373.4470773  
1517.095706  
254.2692779  
1247.288508  
750.6456708  
691.3542734  
768.2908235  
831.0294175  
442.2935065  
798.3175863  
624.5914971  
770.7170994  
550.9499334  
84045.30685  
112178.1009  
116139.5363  
553378.5872  
131405.1552  
136708.4077  
159032.4207  
141423.495  
132001.4227  
190582.8028  
96538.92274  
102506.0743  
129038.2309  
173934.2606  
162313.6557  
137156.3832  
16214.41743  
92260.51463  
78747.82535  
29364.79535  
185225.5481  
34493.34403  
85429.16115  
32206.33644  
104664.6157  
73104.45655  
81648.07355  
124311.3929  
181223.907  
103760.6909  
70860.55559  
92150.97723  
90609.40669  
135691.538  
41666.39923  
41302.39041  
95117.34469  
124771.9053  
44019.1274  
37385.06509  
41295.09302  
63985.04422  
173905.9715  
149962.252  
31030.12393  
36510.3186  
54817.35228  
98969.55174  
37393.43038  
48747.779  
43373.18347  
57231.63372  
48054.80413  
30450.3214  
37510.98831  
62496.27445  
48368.57664  
77281.02999  
35337.12647  
34974.48667  
77266.74558  
47909.67697  
57437.89283  
48775.90775  
45761.2044  
28405.17717  
47791.43816  
36254.50823  
51798.47214  
39265.62071  
73123.16525  
48947.24814  
47382.35347  
24900.23664  
31446.26796  
29460.85461  
33798.39598  
37371.28826  
47363.82242  
85590.12767  
76985.44634  
45663.74187  
100380.4796  
58101.28641  
47862.82335  
40158.12495  
35594.21295  
43431.3828  
38232.1295  
78108.71822  
61779.49093  
39156.60504  
40737.28453  
40973.5464  
67460.75157  
97405.13398  
82400.21141  
41215.91782  
47730.901  
37585.11054  
43257.81177  
45146.94695  
39560.28968  
41203.71592  
37233.28266  
34607.40971  
43381.2088  
35355.46184  
48937.88763  
48876.0695  
54012.94097  
42739.04496  
47798.7042  
87893.83528  
44550.25907  
34760.02264  
27803.25393  
123509.4937  
37588.43781  
27984.31877  
54927.3009  
39769.7763  
184862.3126  
31590.43611  
87151.76639  
150917.7799  
52261.55086  
51487.76108  
47410.22192  
63601.03923  
49141.14822  
64504.51418  
29596.09507  
43977.87488  
56192.49454  
43367.82558  
109662.0678  
48801.4499  
32662.21334  
59547.72149  
44133.0987  
33508.9764  
56241.337  
33496.57389  
59228.78687  
45362.02734  
29073.43068  
40127.15015  
44040.23968  
32801.97114  
28499.59552  
28418.71161  
57913.1192  
32585.79755  
41917.97074  
26127.92154  
33670.40043  
71602.28491  
30050.55805  
43642.33875  
175459.6847  
74243.27973  
187124.7166  
65830.12064  
65404.95562  
24282.30951  
146168.3144  
46432.35162  
89370.99257  
31429.01939  
37454.13114  
103568.9449  
83396.50735  
47973.83347  
104488.7919  
50323.62808  
36420.66631  
76852.90346  
39541.32736  
62821.07105  
37164.19642  
51778.15138  
49875.03383  
56473.22966  
95771.4792  
68260.04119  
77054.13696  
27747.23485  
67283.76383  
119309.7013  
61912.54087  
69395.02079  
56192.71238  
71933.88526  
128150.7654  
36181.54153  
84077.04058  
153782.37  
159041.3815  
51941.97474  
34357.66107  
44885.55481  
132194.4545  
119113.2852  
58230.4475  
57177.43741  
17606.68713  
92977.07367  
30024.09993  
48975.35921  
85819.84864  
37008.87711  
78694.89065  
66846.52606  
31788.1751  
116074.3662  
48200.2495  
44251.37477  
117471.2755  
144733.6021  
44660.54829  
80532.96553  
120789.1697  
78559.05052  
43951.36672  
40653.00856  
50708.84736  
68731.50084  
67316.95322  
35696.37302  
39005.76546  
92203.51733  
69653.7355  
49239.87607  
84664.45174  
36415.78752  
65980.89856  
34429.62823  
60306.13173  
70620.30375  
30708.30756  
83245.74383  
71532.82803  
60326.47035  
92111.03096  
85937.91542  
48719.37026  
218146.8636  
56578.31366  
34040.11926  
27844.04454  
65592.30741  
31310.06033  
71090.46411  
49318.0052  
151809.5876  
49145.93806  
54769.17173  
