605.7458622  
380.1996896  
539.4163855  
4333.25617  
297.6424867  
245.3427016  
380.836288  
1017.97357  
294.0394428  
314.2734109  
375.6061489  
715.5221866  
437.5367584  
614.4468234  
569.0216558  
552.2245087  
354.6656491  
433.7441801  
1953.108517  
302.142142  
600.0937546  
633.089793  
587.4367148  
627.056302  
752.9339909  
463.091385  
901.5462013  
580.28963  
546.1662241  
485.2292414  
82430.94334  
108020.3819  
113192.8714  
450074.2933  
122679.9459  
126895.5228  
159927.4302  
133305.286  
118493.4158  
188912.4028  
94700.33641  
99968.32483  
126024.9009  
169379.0669  
155443.0465  
143729.9211  
6932.932704  
99317.52923  
77457.44139  
29109.29794  
187785.9377  
36717.6427  
84892.99422  
29143.95771  
103454.4723  
69923.09436  
80160.88063  
118569.0941  
178464.6531  
102556.862  
76285.26362  
97087.50952  
86777.48582  
137425.8459  
38866.70445  
39318.02819  
100273.0697  
120940.7827  
43155.8598  
39543.58082  
42670.12247  
58625.98751  
149048.0327  
152399.7419  
31863.97016  
38686.40847  
53685.56926  
91140.24245  
36266.40535  
45862.09993  
46867.01902  
56523.17418  
46388.05347  
30545.1482  
37359.57628  
68296.02748  
58804.65238  
76569.8589  
35231.87641  
38973.11859  
72104.77324  
45903.41584  
52259.22181  
42126.08322  
44567.73793  
27986.51047  
48917.60326  
35105.00134  
45910.18432  
45111.71953  
74355.72374  
48177.11816  
50393.94175  
21339.48646  
35226.23765  
27515.46402  
32887.89995  
36288.78017  
43686.31744  
66433.82603  
70361.0261  
51486.70536  
127938.9978  
62536.33358  
45999.28755  
37690.63284  
41483.25788  
43028.26736  
31253.42081  
74521.66674  
63432.25631  
35308.57325  
42176.38388  
38086.85702  
60168.58106  
100666.1005  
74149.88871  
41570.33147  
45112.54755  
35240.93324  
49319.47499  
40660.42961  
39362.82357  
42092.35969  
39898.22991  
37468.35997  
45073.78134  
42859.17388  
56871.71781  
53439.01299  
62208.23457  
42675.10051  
48697.70216  
97354.16747  
37820.65898  
32331.0936  
25940.61031  
120245.7584  
32905.81355  
24673.18601  
53499.76995  
36013.65356  
175979.3381  
31996.38134  
87006.49598  
156568.7708  
50936.63736  
52388.70628  
53259.89837  
49722.79677  
47621.44774  
63259.41381  
30965.13492  
40472.23008  
49996.56374  
39431.21761  
133374.2522  
44070.42736  
34106.21566  
58953.19865  
45225.79309  
29907.67965  
57561.75591  
37443.95316  
62247.91915  
41424.50479  
29879.34355  
44642.64474  
52546.8713  
35961.17336  
28680.00232  
29346.68671  
54400.4336  
34748.12101  
39296.72782  
27562.70556  
33777.653  
70240.29043  
29316.32067  
42543.0858  
142446.0928  
82001.78319  
213128.6597  
62999.92788  
58957.0199  
25132.90586  
138771.4357  
40587.02408  
95043.61232  
32335.0603  
34447.7172  
104681.7235  
89992.96476  
52735.71415  
103259.2164  
57045.66625  
35121.08011  
82699.55635  
48130.44423  
56356.06474  
39969.75285  
54583.54889  
55331.05754  
53296.38776  
84008.79459  
58286.72702  
79022.593  
31632.35911  
68548.47277  
116300.6456  
59372.14225  
55342.93696  
61314.39518  
81499.65865  
113910.8156  
40971.35312  
88707.43541  
121178.4063  
184904.1095  
50833.41932  
32275.80538  
45528.38151  
142281.871  
112397.7526  
71694.92737  
59799.65151  
20097.72854  
72349.54053  
26201.12315  
45996.43143  
68113.82723  
39071.09792  
61891.55516  
84951.79676  
33016.82305  
114226.3617  
52388.18807  
42169.17208  
105845.8142  
134262.3713  
41481.66793  
81232.97188  
113427.9005  
83456.88499  
54992.99466  
45071.35947  
51957.56656  
66198.26187  
78947.58922  
32023.80026  
33268.96145  
92646.25615  
71631.46157  
49553.19777  
89260.96687  
39655.70743  
74784.61675  
33595.82498  
54402.59641  
73329.56734  
39276.35829  
84226.5617  
73867.49108  
63564.13782  
93225.50474  
72323.57955  
51313.50333  
200038.4281  
51180.25275  
34596.37093  
28124.11912  
58641.04166  
30062.25147  
67162.86264  
54805.4154  
132748.8877  
46250.8626  
51389.36111  
