30.57106876  
9.569276593  
-14.74510844  
-39.77348734  
-2.233545245  
23.38680795  
16.9442389  
9.397783713  
-19.39327108  
3.431683937  
-34.46499084  
11.30199305  
18.84567962  
-2.493316299  
15.85092354  
-15.98423887  
-26.19680824  
2.276549028  
-37.8367036  
0.2178436644  
-22.03003945  
12.38389704  
-7.687454705  
-5.115518131  
14.06897627  
-3.295657416  
-4.122133435  
-24.91533294  
-0.5026836929  
43.24649553  
43.64717966  
18.69645409  
56.13017041  
58.68262661  
144.3825532  
152.8461735  
6.555963473  
-123.8038613  
75.30173247  
68.70346077  
5.562347394  
27.44415029  
-50.02347577  
-165.8308639  
229.7318892  
-245.6523696  
63.35343171  
40.31674469  
69.23248599  
203.5436006  
-241.5191377  
-154.0775357  
-227.3277603  
55.75034556  
75.97235741  
235.5194901  
-57.1106229  
141.188769  
71.37454491  
302.6218492  
-134.2931139  
42.11976529  
8.736496515  
78.2788861  
5.089437446  
-64.32731126  
99.5877117  
116.6512913  
152.4177034  
11.35645688  
-4.547112186  
-74.70537014  
-57.33033655  
48.30516711  
5.467099404  
16.20975706  
37.67443765  
-160.0922355  
39.4675464  
-46.32098232  
8.617414712  
-43.87195113  
166.7294515  
133.4355262  
-109.5999685  
-63.74323901  
-77.49051802  
3.773737563  
66.37233109  
28.02386316  
-33.8822715  
62.36701359  
28.72639861  
70.70774033  
48.09696356  
110.1262757  
66.12638953  
-40.42333695  
305.7508287  
49.0110651  
234.5221034  
50.326231  
-222.6911515  
-9.682718827  
-38.33404545  
111.2376703  
-58.89873275  
241.9416047  
45.68603992  
-212.3396933  
19.7136159  
-75.25760081  
256.4953974  
-76.88391499  
112.0226617  
-96.83145789  
143.3264569  
-42.99810706  
-30.33604163  
83.22940309  
-171.3892572  
89.19915335  
203.0861177  
52.27651911  
185.0492379  
204.0026739  
23.91684092  
-15.43621257  
-77.97155335  
-78.31409429  
74.13300668  
-59.71234925  
-107.1461516  
-36.66305803  
2.029846965  
-66.07022014  
15.68520712  
87.20558977  
-6.486451525  
-97.07022952  
-152.1832465  
103.0883938  
-54.23770922  
-198.1677269  
15.20856769  
44.7634054  
67.34644378  
-166.952657  
-27.66272762  
-66.93980618  
-0.3121411623  
-13.49762401  
54.57976603  
120.7518412  
225.7434377  
139.3947981  
70.15095098  
-152.8911956  
-164.2778983  
25.16523118  
164.2623556  
29.48276342  
92.31663014  
-54.96676315  
132.3159865  
2.540996467  
-11.0938355  
224.7065738  
39.01084539  
-337.7417379  
57.150859  
52.84088136  
-57.38597889  
69.22744679  
161.0170336  
85.13136865  
177.3493732  
175.4993035  
75.38839887  
5.721899205  
65.73286384  
-14.93037861  
184.8727602  
-4.46714162  
91.07561744  
-146.9760912  
17.44186703  
85.99487396  
88.19648381  
1.605156168  
121.4279208  
99.85557317  
-13.85538868  
112.4593916  
-148.3997589  
-33.45002223  
-39.77433999  
125.6818398  
-30.81943492  
75.67674056  
-23.8979845  
23.96490169  
-77.28594243  
-254.6006493  
-126.8220191  
6.157161583  
39.12983978  
194.7630914  
-53.81342945  
21.93341424  
-39.97326431  
-167.205675  
120.6557806  
-105.3722949  
-146.7090621  
-67.70338663  
8.650384458  
-84.32247545  
177.791063  
80.46230524  
163.9282312  
110.8073953  
66.90703866  
170.4724478  
301.2670082  
125.7705214  
176.9721733  
-17.11560367  
17.92112404  
115.2274491  
115.6071563  
-62.5427445  
55.64497504  
-90.27375948  
-291.4322186  
-6.200426341  
-55.64146385  
-70.74366805  
211.541304  
85.26162249  
106.4506597  
129.1927166  
-141.1900644  
204.9259104  
-73.31188845  
238.835895  
144.2689429  
-11.58290439  
-123.8719279  
-233.3150602  
-50.30145081  
-212.2776197  
277.2458593  
262.2465566  
-102.0931958  
87.59756069  
-31.58021848  
246.9651958  
-181.5800653  
29.36850285  
123.7105701  
-102.9320743  
-16.75545518  
-56.36326095  
-220.9776892  
-8.483498977  
45.51425096  
-173.3148399  
182.1059873  
-24.50106305  
-0.4428432303  
-245.3902076  
5.374151212  
126.1826047  
103.2654732  
52.90131364  
-93.35283113  
218.7787107  
-56.64294326  
184.083274  
-41.30156864  
17.80299058  
30.63981402  
-102.8100493  
78.50925021  
17.58839117  
-19.04997067  
51.43674888  
