311.3921364  
344.0612086  
524.8559598  
5288.297011  
262.5474652  
2974.165266  
501.2845315  
365.8723409  
592.9914494  
526.4463618  
488.4201164  
514.2998864  
342.9823603  
904.2478984  
611.8846795  
720.9117061  
483.7973415  
363.448213  
1437.209545  
460.410129  
514.6978991  
648.2194977  
595.6842504  
440.6131573  
435.2101748  
238.9823811  
1203.474567  
722.8266446  
602.6545012  
442.1917839  
47468.13166  
74535.94182  
58328.78725  
162940.1544  
82735.87716  
50578.76409  
84231.30908  
170652.1487  
62736.87772  
76805.68778  
51164.20864  
59886.78435  
65302.94995  
78543.30713  
78928.48835  
120939.1875  
6503.670166  
79503.64488  
55328.22147  
28559.75314  
92207.60665  
37758.15831  
72745.18192  
25984.75342  
88725.42739  
89080.51535  
78438.25997  
104344.127  
48095.32739  
80060.33782  
54581.90758  
62070.99906  
47861.60271  
79910.59054  
36950.72573  
44341.77689  
53648.80699  
44664.38511  
54083.65158  
23546.73976  
57160.71069  
22252.58048  
40390.8072  
79603.64439  
26773.50861  
22851.93563  
22979.55488  
55113.02344  
38507.70869  
28687.12087  
43079.38979  
20839.15831  
57624.42732  
29394.2985  
28973.21962  
45226.88738  
53892.98668  
44028.35634  
28136.42637  
30685.36405  
18749.41035  
18501.39533  
26619.66171  
32591.65151  
33561.88982  
38810.59351  
34889.16619  
36336.06201  
43208.14226  
39235.39922  
64841.32324  
89771.01011  
88605.80706  
17189.45757  
33720.26465  
18879.97939  
35612.8268  
25274.33733  
28335.14687  
31767.13213  
59236.79203  
28477.92988  
90201.32806  
29966.48066  
75068.46938  
29190.54878  
43670.55389  
31054.98786  
34586.58688  
117740.7787  
29125.80561  
31631.58004  
29840.01725  
21539.29361  
73546.53327  
54588.92983  
26570.49527  
28404.09012  
33308.81627  
26919.7598  
25990.17034  
20695.049  
49189.44817  
42722.49693  
32439.3397  
26579.50218  
33250.2044  
38276.15618  
68453.48751  
34735.68272  
42060.58189  
19035.66647  
18091.98628  
93857.69559  
33094.87134  
26389.8855  
18697.21408  
133162.8336  
28252.72166  
21889.73397  
31893.2369  
23230.68556  
135829.088  
25988.61391  
51097.91277  
67976.65433  
57315.48378  
46456.07293  
33603.72541  
22166.90707  
46821.74414  
96678.34249  
21016.4322  
23436.12012  
18956.42763  
29360.98739  
75114.04597  
23387.1762  
19538.64355  
30327.01676  
46849.63044  
24584.46085  
26746.78184  
26998.65644  
45578.56355  
26340.29475  
37853.03223  
41959.16169  
55795.4066  
29924.39015  
42367.44395  
30307.14359  
42207.76747  
24434.34661  
26151.98696  
20804.65097  
13795.00275  
60229.41364  
28945.96333  
74170.11548  
187088.014  
102574.8527  
426825.2782  
19893.42651  
40297.71449  
15182.19015  
65628.43084  
22319.3335  
92923.44587  
27704.258  
50144.50984  
108756.5178  
97325.59152  
27078.29796  
57983.38494  
31545.93501  
43492.22114  
54224.33231  
32527.24986  
49886.93419  
25892.49873  
18796.03024  
33531.45822  
62349.31888  
20709.33346  
23250.0641  
44963.47015  
36885.6893  
41395.48636  
93412.70515  
36691.56989  
22509.37913  
22059.62762  
73539.28331  
166256.4783  
39583.35658  
58092.50401  
216084.2358  
169064.7169  
14858.02196  
31455.49578  
18293.35772  
37950.79813  
95420.52093  
36501.6385  
49011.6016  
41633.05437  
79663.66905  
41859.52745  
63539.61551  
85726.77891  
25238.509  
32976.81818  
53260.78418  
37430.03779  
41045.45396  
53530.02455  
43735.93269  
65142.10749  
112508.6654  
58170.12587  
18125.27305  
84802.54715  
114690.7676  
39124.85643  
17842.6201  
42393.32624  
29277.3163  
55781.17819  
54209.76957  
51539.25694  
40831.66016  
45070.14837  
15297.00627  
84189.02553  
29962.14094  
43917.4796  
15637.54405  
53515.3694  
14373.90705  
33961.6005  
102573.7686  
80691.49895  
36189.01624  
40736.88496  
53796.2546  
30056.22632  
119740.1119  
39475.64056  
29969.93907  
44697.28191  
35497.54705  
27722.70579  
28469.03153  
36685.82736  
42544.53645  
38177.86002  
41464.74425  
