17.31428101  
12.06265922  
12.42814305  
-76.55489271  
11.17090388  
6.032941538  
44.23198054  
13.54684568  
35.91365439  
14.02983512  
19.69677853  
24.7276257  
8.453273812  
5.298034589  
-23.06856338  
24.58745966  
-20.39458294  
-13.15699634  
-42.72774366  
-31.34246867  
-6.763945132  
6.687734561  
21.30960457  
13.19451358  
-12.62211777  
-16.85159384  
3.999600375  
11.79852256  
28.38343892  
11.36217647  
-150.9184332  
-59.57475591  
251.8557598  
-122.7258747  
205.3606167  
93.39382206  
-84.22801273  
328.8333891  
365.1356502  
191.6529264  
115.2856254  
80.37787156  
219.3195426  
53.17937836  
92.50636235  
3.163142477  
37.81420935  
73.08136621  
-89.8939451  
65.28292585  
-48.54683188  
17.97558431  
-43.50773737  
91.38589487  
189.9454688  
155.8284455  
-48.96593549  
-131.8481019  
-116.2942961  
252.2481543  
-53.78348681  
-64.0789052  
-61.36863048  
44.98276393  
51.05601773  
6.778633995  
14.1963891  
-277.170616  
-164.0207842  
-122.5860041  
-12.879583  
-40.8244344  
180.6332218  
211.627879  
-93.85862067  
165.085972  
-167.0682991  
-52.87215435  
-135.169254  
-132.6586714  
104.8691695  
-84.91940604  
-56.63969316  
149.6143031  
239.7420068  
80.64708586  
96.60643956  
73.80786213  
48.57183964  
18.78700778  
33.44725977  
124.1655414  
69.21576325  
-15.49954925  
0.5422613876  
-9.094213836  
-16.90849562  
57.29758604  
383.6987553  
-19.41280032  
-65.75454949  
102.7276368  
-196.8352924  
72.66229488  
22.1477526  
83.17319462  
111.4217046  
-86.31572717  
4.880591154  
114.1618534  
134.5036299  
-8.68081751  
37.84581808  
22.12434398  
-45.06147829  
313.1424856  
-32.66590562  
47.24442745  
19.74259395  
-50.21544635  
26.67943012  
193.24539  
59.51988093  
17.35895772  
43.07268335  
75.85904439  
180.1369383  
-258.418382  
-155.9232169  
55.94940203  
28.68200622  
67.61710478  
66.85180899  
-93.0059101  
-0.9638349073  
110.0810351  
-30.18530782  
137.871332  
-41.79022939  
-34.09983214  
405.909342  
75.78515125  
-88.58840491  
89.8548247  
-47.67080258  
30.36383225  
-59.65159151  
4.594568242  
-170.9001707  
43.18208076  
234.4412906  
106.8361993  
-115.3030385  
76.83311459  
-182.9311197  
-82.10204651  
-270.779771  
148.0314154  
-13.17565491  
-47.66133927  
266.644153  
-26.01056879  
-69.03219656  
-120.3162245  
101.9746847  
18.85070742  
-16.01669034  
-55.47667608  
-87.5535493  
-160.41047  
114.2984073  
245.1274633  
-26.98406639  
-296.7829162  
169.8717971  
92.02515359  
-91.17314185  
-33.41356541  
-63.00057415  
-29.36659033  
93.12239344  
17.4619275  
258.5785604  
-114.1753301  
-36.89497435  
-70.62620088  
75.43788541  
300.2046434  
6.143051335  
10.81975586  
-487.9889648  
172.3178946  
417.8445866  
-52.53533681  
48.79360051  
7.504654036  
-165.2631707  
-70.24045531  
37.44579891  
-50.33898826  
115.1503249  
103.9661523  
-30.7670573  
210.5473822  
111.0566467  
175.692799  
155.4678682  
46.70380849  
130.3097088  
139.4273003  
-47.00868189  
-32.02546418  
-6.065637674  
256.1319494  
-74.35594752  
119.8738451  
-226.9286671  
-23.43534448  
-77.30533912  
20.37482445  
-217.0701115  
-2.935258406  
-62.84756198  
223.4478734  
-466.8780925  
42.56241367  
75.52252939  
-102.3594244  
-280.2390479  
135.7294342  
-169.680326  
55.10507215  
-36.57363243  
-291.6508863  
-156.5492229  
-153.736414  
4.351269535  
256.4556855  
-67.84462528  
226.5614609  
88.96699662  
99.59933064  
129.4014475  
122.351194  
96.20077288  
-67.60938952  
-107.4749075  
109.3732654  
-146.8590412  
464.6403066  
-65.20946708  
120.1737582  
-119.6404939  
-328.084139  
-55.58738783  
-20.92115518  
128.073492  
139.2460666  
-127.2578239  
163.9786111  
66.14532509  
-9.012486841  
15.7884514  
91.76064054  
-211.692203  
83.3712482  
-23.61250974  
-30.20302403  
205.8927379  
-81.85199574  
-49.37433414  
-211.970367  
225.0146696  
-116.5420229  
23.4068929  
-51.62520691  
5.636408687  
280.4906947  
183.1608504  
82.05960047  
51.89411888  
-83.27259439  
158.6543463  
-59.61808038  
-86.22540284  
-180.8791929  
-142.6817129  
-85.83281434  
