775.0994458  
855.42239  
1591.644936  
3340.139933  
788.203075  
563.81884  
746.0276663  
1327.56356  
1057.520082  
831.5298509  
897.8850839  
957.8687079  
553.8088731  
1625.569958  
1302.30303  
1363.886275  
485.4622239  
1221.111683  
5627.938131  
562.6267086  
2194.85319  
984.1017927  
808.372064  
655.440667  
903.5797509  
699.7997729  
1396.573959  
920.2029516  
1211.24931  
1030.111039  
110039.7016  
71733.36719  
130206.4416  
122787.223  
107897.3559  
113539.1778  
160253.8087  
323329.3772  
151892.9115  
269651.0179  
165435.2301  
94836.43256  
157745.7744  
189244.9156  
159457.7357  
247276.1183  
15991.47965  
102962.1895  
112207.9373  
46372.96205  
270710.0111  
47520.99232  
313566.3261  
51208.98188  
140540.5547  
97015.19032  
93037.51584  
155788.8916  
62006.64638  
107724.3716  
75008.47428  
132400.0688  
58723.64629  
106664.009  
67145.49959  
66735.6562  
184923.9301  
136029.1057  
42179.39806  
64130.96091  
56997.5717  
43701.05778  
93062.22352  
122647.9629  
39315.48546  
54886.03475  
34061.13015  
62242.57707  
57130.09855  
69367.79522  
47430.90291  
34891.58233  
71371.11936  
92215.60286  
50332.55968  
61723.479  
91843.95671  
102522.8472  
127021.8482  
66153.50513  
30750.47308  
44274.55857  
30067.67616  
95750.32484  
84876.39149  
47354.04148  
40860.66039  
60599.82058  
48431.19759  
47904.29262  
162429.6558  
141813.8038  
203538.4069  
36806.20497  
71862.79888  
43147.7586  
75420.23912  
54544.38924  
47339.76234  
86570.59378  
83989.29479  
63238.45969  
106230.2352  
49169.74506  
72616.60221  
56449.89996  
69369.91385  
67697.96807  
42918.68297  
592772.6841  
71479.59627  
68961.11062  
94109.86879  
60184.71823  
160562.8277  
139010.4748  
44531.16767  
60515.52121  
63611.91534  
49807.15945  
59648.87408  
43503.28204  
90888.87817  
108498.2061  
90838.28624  
47512.24691  
40113.61919  
58293.21867  
54368.48014  
35329.5013  
74085.95909  
40831.64993  
85896.25581  
87763.61947  
52914.49523  
44156.90473  
39412.63749  
245345.3139  
50235.16423  
83758.09565  
70871.84093  
68230.6141  
261474.8991  
49382.51842  
159445.1963  
94108.47738  
82380.60395  
75755.05957  
67188.5749  
83624.38015  
110313.1027  
122617.5122  
77453.67133  
77018.16553  
68014.80504  
56298.34245  
118666.015  
44111.16561  
65931.95247  
71558.38401  
77818.94146  
50715.56679  
43714.8578  
61275.42771  
77657.43652  
62222.6795  
76924.05607  
79506.12858  
103569.1773  
53855.67619  
58021.92733  
42146.67916  
66524.83903  
91626.89079  
103387.4778  
48891.18064  
61521.63403  
68330.36846  
31058.97529  
78862.91162  
211761.7804  
314396.1541  
625219.1272  
41901.20619  
67660.7382  
51227.03215  
63532.96604  
64188.44249  
156232.1569  
41281.76289  
171399.9081  
166529.3086  
143321.8488  
94247.57346  
64965.19387  
48816.70521  
37470.9633  
81335.4404  
30188.09588  
41753.43304  
23170.2194  
26024.61259  
73126.97556  
100020.8235  
36318.80534  
30927.99327  
35743.57994  
45423.06137  
94824.54332  
71367.55572  
26502.86827  
35504.74773  
27407.06489  
48826.47711  
76825.10369  
15058.50003  
82437.94328  
154936.9937  
262125.3636  
39534.00834  
51721.99285  
43986.63371  
150724.3  
200425.2476  
94091.25316  
15630.57271  
25689.5734  
63559.48226  
21162.3465  
36317.72512  
94088.91347  
11797.67107  
75316.74664  
109660.2902  
20757.5604  
113263.3729  
54898.61685  
15072.38812  
147326.4669  
85209.97141  
92067.12891  
40818.55702  
235828.9205  
79222.26457  
39183.65076  
15283.0172  
13189.23879  
25062.73313  
56174.92689  
55534.32514  
23855.34713  
52547.90412  
69627.17116  
20130.6629  
64697.5679  
35184.83801  
40209.6394  
27629.6385  
41725.32891  
47722.8873  
11347.54194  
131058.2147  
94588.12877  
28598.00206  
43369.47352  
88369.8554  
45412.2416  
282260.229  
44922.39475  
32712.20405  
22389.77604  
33184.39585  
29248.56382  
34518.11879  
38246.79625  
42734.47656  
26751.47371  
26016.31386  
