-31.52039899  
-5.342581999  
-44.55568172  
46.03684774  
3.428298956  
-5.183494774  
-39.50110823  
-39.18446689  
-5.562552459  
-18.81615388  
-26.82549419  
-77.42885837  
-4.229059844  
-44.49799931  
9.408863329  
-42.54870402  
11.48509103  
25.19293285  
-30.61996887  
48.19880669  
-42.48400489  
2.027875256  
-1.574692916  
-2.636925025  
7.459205982  
-45.59701986  
9.468198525  
12.72693247  
40.59659252  
-7.002617923  
42.87262187  
-481.8199763  
-13.82692491  
-20.28966232  
258.6185517  
-101.7909964  
182.7105491  
153.0836635  
-227.3417524  
5.17796376  
139.8501655  
-170.4792751  
128.2601096  
284.9904058  
-217.2126481  
525.4628052  
91.13600571  
-97.6882722  
-66.23839977  
91.27292747  
49.7820719  
-176.1202579  
-679.6044236  
-186.9588642  
23.29414087  
337.3556242  
-300.5229749  
-78.03663437  
-49.63247102  
-156.2217337  
-345.3852445  
-2.630572107  
86.64984717  
-130.6174262  
-264.7616457  
-162.5231523  
-315.8612106  
74.88651876  
-119.3398155  
102.7065649  
-35.05737169  
164.2270595  
-244.501865  
-6.248642211  
-211.3207503  
-93.04819465  
302.7842914  
286.1800292  
249.4721619  
-278.1915781  
226.9390782  
-87.91167705  
-265.3455786  
-130.6714231  
-195.2978646  
361.2663377  
-216.8964796  
530.8785193  
2.149891616  
-160.616339  
-269.7533534  
173.8354959  
50.94614357  
-184.5665917  
-60.93178155  
106.4054265  
237.1196867  
86.53108455  
-39.77109563  
31.08286634  
-192.8992898  
-73.80017591  
-218.3453598  
-137.4789925  
41.04487047  
46.32376334  
115.1174283  
-59.79584703  
-60.31984841  
56.61635765  
-439.9895058  
-59.74987783  
-91.89868075  
-281.4871855  
125.2760336  
-334.0215205  
-441.9877235  
23.90799147  
-298.1620435  
-196.5590504  
-212.2680993  
134.8558119  
-32.2446183  
62.97663858  
-72.97549816  
-71.50074439  
-187.5023848  
-271.6206529  
-105.049858  
72.49266225  
97.69442185  
8.057586597  
-82.30510838  
218.9061424  
-173.3192465  
60.63201734  
-240.9843581  
-174.0535567  
164.1546973  
-249.7267757  
-192.866163  
274.0017675  
-52.05975886  
-134.9689983  
257.5159864  
204.7539832  
190.5907943  
-1002.371653  
12.57052626  
-249.1948283  
-132.9936242  
550.5601079  
173.1886513  
7.959917678  
-76.781675  
-47.32649402  
100.2581683  
-126.1413671  
-166.4579491  
37.77510083  
456.129541  
76.36435888  
90.37885424  
365.2143391  
-208.312396  
-31.37756004  
83.52025519  
110.8396408  
408.5917512  
-232.7258299  
349.6885927  
-46.47117832  
154.5557158  
-198.9991063  
215.6145813  
65.14319494  
141.0067589  
-131.0113126  
291.3556551  
-69.25898095  
43.02118343  
-313.3322413  
-43.73406572  
294.7690349  
121.9428833  
80.76652107  
-184.4983869  
-321.0287363  
-44.79105168  
-147.9420931  
-300.3525572  
1.184118324  
-574.8249112  
29.96800782  
-96.7207324  
-5.689361748  
40.47576328  
182.8663721  
221.4470873  
22.7323468  
236.9813912  
106.7608814  
-97.87882032  
-150.8181572  
259.7526802  
-136.63091  
-47.09992785  
257.9733894  
-85.86782683  
13.02221375  
110.3658914  
-101.5150549  
-190.4535169  
277.2831404  
-293.5043956  
-262.1544833  
141.1405944  
426.6572159  
450.7632131  
214.7069396  
-31.62357234  
80.86387754  
-50.83570015  
269.1365824  
1.169762545  
-102.346244  
-59.75756006  
-190.7311676  
414.1666815  
5.12757897  
-123.9878992  
122.1344167  
776.6826027  
484.1527278  
95.7114367  
-95.38154422  
-22.92808082  
430.2286782  
205.1329564  
-120.9264553  
28.95480288  
46.97654939  
201.0944206  
108.2999166  
128.9533013  
342.6955277  
-74.29686384  
-13.39956113  
144.373865  
51.50692282  
-54.57972255  
-467.1698484  
-559.6884304  
14.38746946  
251.8236242  
122.7756427  
-54.94652871  
52.8530848  
43.67186518  
155.6370072  
-20.31246625  
-272.464884  
62.45178037  
-80.12410923  
-126.866517  
150.1313194  
-210.1563024  
-177.3204959  
115.8880955  
-6.58276904  
78.03898788  
35.8670719  
434.0518517  
21.44461513  
-12.96389361  
100.1438764  
-251.133498  
384.4256709  
76.71141798  
85.30351202  
146.6807074  
-230.1125442  
-164.3903643  
-101.7393245  
-132.7953344  
-35.83537418  
-53.30166127  
204.1164632  
