10589
10529
10581
10656
10418
10486
10572
10663
10478
10608
10402
10585
10617
10541
10677
10596
10369
10606
10644
10657
10673
10691
10674
10701
10649
10317
10741
10641
10723
10590
10700
10636
10716
10647
10638
10783
10652
10781
10685
10777
10642
10804
10800
10720
10690
10803
10668
10767
10713
10785
10794
10812
10806
10802
10801
10748
10770
10718
10640
10807
10809
10834
10817
10827
10838
10860
10857
10850
10866
10854
10843
10863
10862
10559
10661
10810
10831
10858
10887
10940
10875
10881
10896
10908
10898
10918
10977
10930
10928
10924
10952
10938
10958
10926
10886
10954
10897
10950
10983
10951
10969
10974
10984
11005
10953
10956
10913
10929
11031
10919
11030
10998
10961
11007
11060
11012
11039
11016
10979
11021
11042
11064
11053
10966
11036
10964
11068
11071
11072
11063
11083
11058
11074
11065
11078
11076
11075
11145
11116
11090
11110
11134
11139
11125
11120
11171
11168
11066
11177
11167
11128
11193
11085
11084
11209
11113
11126
11203
11192
11201
11238
11164
11286
11227
11246
11311
11312
11241
11321
11330
11325
11358
11326
11338
11337
11387
11348
11343
11410
11340
11329
11301
11345
11316
11374
11364
11376
11367
11276
11435
11440
11318
11430
11450
11432
11451
11426
11439
11443
11416
11493
11498
11462
11461
11472
11517
11536
11539
11534
11533
11530
11527
11523
11518
11559
11492
11542
11563
11377
11532
11600
11560
11535
11526
11579
11591
11586
11572
11598
11606
11588
11626
11545
11587
11625
11628
11622
11570
11597
11614
11651
11529
11623
11551
11705
11540
11660
11670
11679
11720
11631
11433
11710
11709
11692
