211.748091  
198.1861161  
179.5563463  
704.4175779  
220.3466307  
298.3375056  
173.7590781  
288.0232585  
191.7228584  
149.180038  
192.0817783  
337.2164219  
150.270541  
246.8117676  
258.7824182  
225.4527905  
125.8071851  
258.7426907  
727.5490359  
216.9126446  
395.4835334  
149.2360593  
175.6485681  
202.9325391  
352.3935271  
160.0899362  
224.7451148  
218.7462534  
260.2581875  
177.952451  
63734.37861  
54744.93157  
87801.65745  
232742.9303  
56968.40888  
67595.35705  
97178.39228  
71307.42368  
83730.03621  
136439.0868  
61008.95868  
79236.69494  
89535.6851  
76957.69321  
127234.8615  
126430.3676  
6038.148062  
60747.88304  
43473.69073  
23119.15238  
119227.4745  
20150.16061  
60235.63522  
18890.00246  
62643.5945  
55857.8587  
63278.2633  
79998.42413  
76624.66166  
47942.80093  
44012.96454  
69698.9553  
73429.67864  
129019.0225  
20587.82764  
28616.97555  
52491.94877  
59674.74887  
27596.03617  
22964.44625  
33858.69798  
15042.27678  
53723.58752  
55389.93682  
19813.57166  
22450.86614  
17923.74337  
24236.77926  
32041.07136  
21336.46518  
18762.54571  
22201.99099  
23839.26957  
24186.64641  
27803.12432  
23797.13431  
18408.04789  
49919.32166  
20695.02163  
29090.14032  
17683.17514  
22106.31477  
17801.56318  
24651.27687  
20474.39134  
21679.70816  
20657.59296  
20719.08844  
23502.62936  
22317.96349  
52227.21807  
32423.65099  
26574.86738  
15617.91664  
21447.75819  
18572.63794  
19847.49931  
24259.01722  
15832.6392  
20307.55277  
27929.67191  
28145.34506  
58236.95793  
26585.08248  
21532.92939  
18360.79235  
23582.34533  
26154.80856  
17711.97906  
43030.80183  
22486.02096  
24505.03542  
28214.62218  
23523.67503  
51549.25706  
42222.59007  
15662.23963  
17738.28014  
16259.15591  
21094.9822  
20207.66677  
20198.85784  
21646.2204  
23012.44099  
35487.25654  
18123.58211  
20178.58939  
17937.64333  
19030.93716  
20015.90095  
23797.53226  
18688.8156  
21348.61854  
38136.85847  
19390.56873  
18899.15097  
19144.77111  
77130.0806  
28271.11298  
28310.02791  
26484.31306  
21758.31964  
92972.55394  
19344.15383  
32906.51833  
51916.68788  
38865.48558  
27562.49346  
19293.71253  
34935.74876  
26543.00815  
34229.45605  
18820.20408  
26604.38822  
24113.78039  
24799.09803  
60992.21019  
19641.874  
19438.97673  
27184.04725  
33663.49234  
24530.19621  
23869.45696  
24287.11745  
24888.26345  
23375.15204  
16073.16185  
26558.27903  
21377.70406  
20268.73361  
18036.11661  
13180.51668  
25275.47284  
21865.68795  
23163.48252  
20051.05756  
25452.4953  
31716.80003  
21304.70142  
25825.7829  
61427.99069  
64786.9191  
103523.8938  
24613.96349  
26281.14727  
22231.80234  
44073.5181  
34837.09029  
60162.42368  
20937.23659  
21436.3679  
44658.41309  
60797.75293  
22922.16808  
33283.86621  
30217.23479  
14004.88854  
47764.90971  
18684.5031  
29988.76179  
17958.87936  
23017.29447  
39193.92383  
23490.11865  
31758.49636  
21327.35866  
33458.13886  
14958.42988  
19465.3685  
52068.38702  
32759.75627  
25548.73422  
19257.65847  
27087.92387  
39158.76848  
16749.65407  
17172.27361  
52551.54898  
41088.96368  
25666.83072  
17284.85173  
12955.05196  
56197.30882  
26647.43344  
16484.79102  
14847.14333  
10745.78707  
31806.75274  
17694.71963  
12747.98528  
37355.54518  
16590.64566  
40778.71582  
21675.37164  
22131.51378  
42116.83316  
20112.43694  
27482.47592  
26296.97213  
25444.82689  
20312.02794  
20624.76311  
19442.28123  
22780.62136  
20510.45068  
22723.86978  
18176.14917  
20419.56036  
32277.59762  
12345.6195  
17268.97335  
20937.06802  
24477.72942  
14477.13063  
16821.02817  
29290.83218  
27568.33526  
14597.03799  
19937.56055  
17731.04599  
19279.63524  
41057.97942  
16090.76762  
26650.44116  
26959.0074  
15920.85027  
14195.76414  
24948.66329  
15324.79633  
15685.02494  
19275.67702  
21053.39564  
13038.31967  
13011.46028  
22476.49082  
34407.95703  
21763.40937  
22321.56547  
