41.9180195  
-14.02613256  
16.31471251  
1.688468841  
5.395905261  
-6.896211035  
-4.421013997  
23.00591099  
29.58880634  
7.345719157  
13.19359184  
14.92001309  
5.476205525  
23.39440874  
-13.02702374  
1.109169892  
17.52265895  
-3.057880213  
-14.97336986  
47.96776368  
-1.777551751  
3.664388488  
18.12416036  
6.713185153  
20.12810055  
1.727555141  
17.83028278  
21.86600572  
16.28293299  
5.826346534  
59.46246048  
-175.6526234  
270.029322  
200.2520822  
78.33326806  
111.9042409  
74.10667291  
90.77117788  
185.8857167  
-135.2723144  
108.5091944  
-52.44260466  
258.8862009  
-114.0686445  
425.3119078  
194.519677  
59.08579821  
-31.56180112  
235.7486938  
11.44051521  
-116.8079194  
-88.11565922  
121.0927738  
177.1305113  
73.93901366  
-121.5365815  
-30.19045971  
257.5498263  
149.7250248  
-32.0110835  
-148.0823567  
-74.10373933  
140.2827323  
-334.9017842  
345.268994  
129.0647411  
-56.37508685  
-21.47317314  
284.6236599  
99.67194582  
-81.21521408  
92.39357073  
151.9994079  
72.17607476  
-43.48587306  
97.83550409  
85.428924  
102.4992041  
127.1081863  
159.1970604  
144.6801198  
66.06798374  
-152.2411575  
-97.19784243  
137.7259878  
73.2353287  
-80.42248404  
64.2620467  
77.4689628  
40.78226109  
121.3137916  
30.03948926  
110.3215632  
18.12882123  
92.54080955  
281.9896538  
141.4454742  
152.8668927  
56.68243392  
-71.68186693  
-156.6054608  
116.7610128  
123.0877547  
70.50803941  
-9.79909862  
24.84471238  
-40.81841128  
279.2928023  
90.59609743  
54.08264798  
79.69140378  
-122.8607967  
-63.76482204  
227.3979681  
-81.11461457  
41.48516416  
-1.907997224  
-174.4197057  
-55.41289238  
98.79519008  
-287.1652686  
1.145731665  
-65.90625745  
-67.92362228  
114.6242775  
210.2523371  
-26.66730001  
20.28666887  
92.67809736  
133.3184065  
92.87413132  
58.53439724  
-222.248949  
135.6360923  
264.5125233  
-177.6249139  
-98.60722255  
154.5380523  
210.3378853  
8.378231296  
83.49477807  
305.9466295  
118.963191  
-194.7865717  
-161.9072457  
72.59723269  
71.1849886  
-127.7448187  
168.895645  
148.3209445  
36.28456868  
-3.349290279  
171.0843039  
164.1594241  
-112.0956462  
-220.2107477  
-55.85432032  
-35.26314266  
-132.0374214  
221.6584773  
108.7273823  
137.477328  
44.70354942  
94.41098684  
-25.4480405  
-218.1944477  
-481.4801551  
-205.876642  
181.947186  
-14.56593265  
133.5045766  
98.88818327  
-100.9803449  
199.6769511  
231.2516739  
151.0212582  
29.0345586  
31.25549742  
86.74146764  
-40.70946961  
101.1364014  
-64.22205063  
-33.37191354  
-99.86346644  
201.5806214  
94.85948869  
-80.10582442  
16.87564583  
144.9989516  
10.61131032  
566.5327185  
-13.49774474  
364.7391895  
-119.1755678  
-191.7710037  
153.4007811  
-111.3373633  
137.2221548  
400.2084922  
249.1648887  
-124.3933641  
3.32238902  
-131.2991519  
233.9330616  
198.4094011  
147.4169648  
74.55348366  
247.7810283  
-42.38285641  
82.57266351  
153.8784919  
83.35337901  
-5.793408082  
-97.92102718  
88.68935791  
-29.67882842  
16.82914075  
119.4986083  
-174.2694842  
69.05428945  
50.78581185  
149.1509756  
36.98909322  
162.4428723  
1.159323362  
-38.06928954  
43.38846638  
293.4765505  
320.8014472  
-221.8657108  
-4.600136301  
-76.51445061  
153.5238059  
122.4657338  
175.9340294  
-105.8013731  
59.27400546  
310.2644988  
-40.86938818  
-133.9327994  
62.38634636  
111.6156685  
-133.0256489  
33.61210122  
87.32587566  
105.9016043  
-5.793133632  
-152.9473337  
281.2759203  
-16.82994052  
-65.98372486  
-130.2336994  
188.4632927  
-126.1965824  
230.6778679  
90.67596226  
-45.65337584  
64.16346489  
10.39470061  
-0.964843515  
17.20675181  
-116.2865745  
-56.16194237  
227.6105243  
-55.50000329  
-15.37399032  
78.38621666  
-142.5029254  
201.804771  
29.57193698  
200.8831144  
-200.8582287  
93.63781446  
-412.2644653  
145.4905035  
56.58059735  
-34.53948955  
-147.6180998  
160.5020487  
-94.810301  
226.858148  
186.109407  
-52.33004368  
-76.91094226  
-110.3797599  
331.392312  
18.8158737  
437.3042757  
