40.62620075  
18.86745257  
-7.986210567  
21.45293594  
3.881613755  
10.54493649  
-8.200899543  
38.30136815  
1.894785582  
13.00477157  
8.152257733  
-19.68243723  
-1.24039179  
15.89959426  
28.95521507  
26.17934996  
37.39862809  
-10.97358442  
-24.65648383  
24.50651881  
6.83671359  
22.03454045  
37.27997224  
-1.582068459  
31.94722836  
30.0432335  
29.83040091  
15.34387356  
22.53493341  
17.14492411  
43.29236137  
80.94736947  
-8.759220655  
37.92123784  
164.0526174  
311.6643268  
-22.33913735  
-249.5778424  
-66.16189082  
107.0522056  
-33.10781288  
-314.2361549  
241.8986636  
-262.9888478  
262.5261005  
6.639057804  
3.711530009  
206.0452128  
-88.43522959  
110.0417054  
-30.14019816  
-156.4833109  
-11.86181895  
99.01932524  
67.29484223  
-128.9191402  
-261.6562269  
-131.5051755  
-273.0607227  
82.39691187  
-151.7375149  
-287.3130972  
-363.4109145  
-350.8709164  
129.9899473  
166.1663162  
168.9563448  
-165.3840359  
68.50244377  
-55.63532003  
-182.1317691  
-4.879162496  
-32.6410171  
-137.7513719  
-153.0974568  
125.1940607  
232.1959737  
98.51335118  
308.8695641  
24.52899039  
82.36666854  
15.97481732  
-150.5460224  
-74.47227578  
-29.82073698  
42.36431613  
-200.0585814  
197.3245977  
151.3545928  
143.7501503  
42.32182585  
-24.69231732  
28.30700929  
110.2141753  
-47.48128135  
101.0883674  
-23.20305279  
39.17943478  
113.4847142  
-183.8225659  
-303.772875  
15.82286721  
-44.64678474  
6.111832669  
-154.3279279  
76.93623391  
-60.40738223  
106.9518094  
-9.392403493  
61.40541218  
65.34478273  
-57.02669563  
122.6607069  
45.70697118  
105.0802164  
-43.98963946  
-133.3442  
-21.92622903  
40.76889685  
306.6019486  
-106.8451217  
-41.53978213  
-40.31350166  
23.94855732  
-219.2389396  
287.0911372  
105.3624915  
153.165378  
135.3664767  
78.61495329  
-50.63591299  
52.69525478  
80.77360155  
88.09281491  
27.04446539  
-146.239032  
-117.3833135  
130.7403999  
103.2136  
-96.09152837  
-166.4203748  
45.67100836  
-12.94795437  
-102.7342447  
-18.3952768  
-31.76034997  
-1.275758952  
-88.79408273  
4.756250804  
32.96081271  
25.85123166  
-46.84558179  
-293.1865907  
14.68057581  
52.08041303  
-58.34161648  
-11.73474521  
-89.99777684  
-220.3589125  
104.5579532  
-321.8346437  
178.5061116  
-178.6974455  
79.19815174  
-182.2452484  
-181.9557162  
64.44688991  
97.67270807  
152.332296  
74.06301815  
276.2385972  
34.71968872  
85.5562503  
43.00510342  
125.5588895  
43.66913413  
-116.9736768  
2.634174429  
30.43405161  
-109.5306661  
61.90002295  
-82.81930344  
26.79803524  
-41.7267634  
318.6901126  
10.21147666  
-73.30634763  
-71.69238645  
143.0672321  
145.0236833  
347.8120271  
-43.73217073  
166.5153932  
-60.46751503  
-97.22347854  
206.580628  
-54.15802036  
98.26239459  
347.2077592  
62.78306929  
-111.5131226  
-302.9559115  
119.191436  
17.35394125  
106.6095421  
-75.27406273  
141.3727802  
62.59476531  
3.170595967  
143.5490404  
102.7717961  
-162.7370021  
-190.6687775  
115.9870996  
89.29907343  
91.08292423  
196.4833186  
-15.89250584  
-95.57599281  
58.96629667  
160.7111583  
9.002172105  
-76.12351674  
60.64766038  
130.3866565  
19.57774569  
-19.88887904  
4.513517834  
45.45018398  
34.45087372  
5.996946653  
-31.8852455  
16.6897843  
-12.4293945  
-24.99308313  
41.82751147  
-24.34151054  
208.144347  
-8.946019418  
-31.78325315  
10.9860905  
182.3591105  
125.4828656  
113.4019956  
-58.20379532  
120.7540257  
-27.80588686  
-222.3265934  
157.5741303  
-52.25868875  
60.90252046  
-73.20012242  
-85.84694923  
75.66754996  
189.3577131  
59.79557626  
123.9445875  
174.5381759  
41.49830292  
3.001354268  
46.54018811  
120.8317578  
-102.2712295  
26.02873671  
-56.25600205  
-104.8872244  
-8.585617781  
-11.28909184  
321.6479071  
-197.8159483  
-43.71177595  
-129.5019375  
-6.365504723  
13.58700745  
-119.3216549  
165.7135039  
-40.48854881  
-79.20503992  
75.71937706  
-24.48849329  
233.2656129  
-155.2216527  
50.15846133  
-66.98324663  
-64.78024582  
-25.31248749  
-36.59270298  
230.8544556  
