205.2714784  
162.3374469  
181.4909876  
693.6700897  
167.5470065  
225.4580926  
174.1057144  
311.7869474  
253.765353  
177.7046644  
202.5383905  
232.4092005  
161.6681524  
283.352444  
185.3911391  
249.1812272  
133.3203046  
280.403406  
627.4892267  
208.8599519  
291.9789895  
177.747242  
175.0089452  
178.3324606  
336.2838789  
173.8939764  
236.0814617  
210.6282324  
219.1564883  
241.6645094  
69938.97994  
49255.79259  
82119.01653  
165742.6244  
59412.07587  
62135.42556  
92633.42984  
75526.32204  
72042.64002  
115519.3304  
59898.36125  
75188.66173  
79787.30093  
76599.38567  
141457.6651  
122830.9772  
1902.325036  
62225.5148  
49929.13537  
21135.63668  
112814.5587  
20485.70181  
73526.20237  
17791.57198  
61433.52366  
49342.72972  
67115.95192  
74551.45125  
83195.77937  
44638.46357  
41328.42003  
69339.42788  
85359.31205  
145923.0924  
21224.31821  
26884.86846  
60546.26976  
56190.51119  
29501.07797  
24145.52058  
27386.31171  
14940.65957  
56133.19989  
58065.00518  
20582.97236  
18586.31171  
20355.97027  
23872.5086  
30855.037  
22408.71954  
20032.83628  
21562.23776  
22574.58211  
24501.78407  
26513.13255  
25043.94971  
20689.28467  
51345.18036  
22299.73242  
27523.57005  
17385.81336  
20321.25109  
18776.99549  
26597.5899  
20215.86465  
22888.42353  
20843.65075  
20890.95502  
23704.97247  
25056.68825  
52899.51795  
33349.45482  
27113.5681  
14350.06179  
20069.42233  
19502.37829  
17952.89898  
26402.43465  
14721.80906  
21705.88195  
27253.41613  
22444.30657  
63862.71747  
26703.30705  
22175.39078  
18599.9036  
25868.79789  
22778.44937  
18400.92781  
45309.93697  
24751.76386  
18839.19148  
27023.54898  
25288.87583  
40712.60708  
40301.76581  
19470.46462  
17999.70493  
18046.77838  
22698.67864  
22115.95068  
18701.1247  
25283.05048  
23497.28324  
29899.694  
18705.01837  
19180.71804  
18504.00362  
18568.35583  
18725.44886  
23904.77828  
16529.63972  
21571.78166  
34050.26671  
19829.15659  
20471.6191  
20594.63277  
80551.44546  
27613.44768  
27542.77892  
25545.68427  
22256.80465  
90577.09976  
20870.08012  
28249.72457  
53212.6223  
38443.83676  
26884.68205  
20375.17094  
30165.44013  
24392.367  
35454.17263  
19189.96199  
25229.02896  
21371.36195  
23195.96744  
49853.6887  
18786.61063  
19139.26292  
28217.47029  
38861.93521  
21754.64816  
25169.01052  
20449.95125  
22903.58673  
20693.45594  
14832.89791  
25497.35198  
22859.63507  
19831.38439  
17934.28211  
13522.14369  
25229.07084  
21926.6863  
29938.48509  
22894.18859  
27260.20714  
34215.36967  
18710.13262  
26730.0699  
73074.35404  
43235.58504  
110071.1056  
24004.57576  
30017.95343  
21477.36959  
45013.46484  
29304.5678  
63943.93562  
21520.28317  
25931.53065  
47096.48175  
61476.09135  
29617.74388  
31565.32828  
28338.75323  
12652.54043  
48440.78035  
19184.95962  
36434.58947  
20898.04582  
23551.12252  
38592.29545  
22414.18258  
38013.14859  
23850.02517  
32136.51356  
16367.2287  
20819.94526  
49740.55529  
32290.82369  
24912.6546  
20462.55497  
28595.48291  
45652.97228  
16811.41611  
20723.95461  
57986.0752  
40703.13878  
22292.91511  
14998.25434  
12096.88707  
46133.00774  
29313.92597  
19415.46975  
16909.72989  
9607.947378  
34259.64896  
18919.4462  
14160.44253  
39156.42567  
15098.25563  
39330.17251  
24121.70273  
21916.51234  
40939.89739  
20144.78146  
24408.19651  
26716.74234  
31430.25056  
17742.81299  
24559.55091  
19397.45269  
25237.11997  
21541.83042  
24456.10186  
18372.01416  
20427.28544  
31318.19084  
14332.7546  
16818.47483  
20547.1428  
29085.9052  
16376.69633  
15283.23349  
25800.96804  
28318.61107  
16115.42942  
19671.66603  
18217.87273  
19792.62288  
32681.40726  
20370.86602  
25670.88351  
27121.32287  
14874.0376  
13778.31832  
24981.17071  
13348.29984  
15185.811  
18927.60806  
19379.59578  
12985.37875  
11990.9649  
19725.99127  
36946.06776  
21185.44512  
24602.09675  
