18.43233245  
1.061410853  
14.4503566  
34.03053124  
5.112450864  
-12.53361444  
-13.72385777  
18.09158026  
0.7997131981  
17.33054709  
-10.13882779  
21.96491657  
-7.167127617  
19.65483285  
-23.62074651  
21.29297979  
18.29303119  
-22.27228653  
-14.38550624  
8.686529619  
6.332989627  
6.127971677  
11.37793624  
-19.16069583  
-0.4894877168  
8.277321864  
8.304634465  
40.71061408  
29.16411724  
-3.812360692  
-154.0144078  
-152.7668437  
-27.56174833  
130.6346407  
166.9132897  
72.54848701  
334.9063866  
-147.3510399  
306.9395133  
-217.2896384  
-91.97480894  
-653.1875259  
8.398258159  
-409.1655629  
341.0096911  
-461.5768188  
-72.07120174  
3.720835942  
193.3624666  
-16.24839556  
-30.43764529  
-176.3429985  
310.2497336  
41.66313264  
-99.81160932  
-232.1399171  
-209.0458115  
-47.62517389  
-188.5577212  
66.09994397  
-317.4246243  
-17.9878815  
-398.5774513  
-217.1796182  
2.343448732  
-47.66895345  
43.30497595  
-246.6396519  
240.6278647  
-62.77744619  
-178.0362169  
13.50048102  
-59.11841975  
-125.6672506  
4.233673265  
134.7932467  
0.5176330025  
-15.50960574  
230.1014096  
118.8042507  
-17.73524864  
-21.52307895  
90.86259387  
-210.0012078  
65.0976993  
-74.38572544  
66.12360764  
22.07055552  
109.9020285  
179.8002661  
100.6179054  
-235.5389573  
75.06947537  
-141.3095516  
74.80702313  
69.75629326  
-41.96728842  
-126.3204491  
-95.89682147  
-335.0645636  
-238.5260022  
68.20542052  
-9.064767446  
56.82728612  
-252.5192655  
102.7511517  
144.4962318  
202.7513495  
-38.26836166  
100.0507626  
90.156879  
-192.4573021  
125.3324947  
75.90966329  
-111.5523435  
-160.0899563  
-37.82479305  
51.66097141  
75.53623637  
279.3946938  
-48.51606704  
44.38254415  
161.2014701  
-48.38775312  
110.4175119  
347.1863761  
-55.48802935  
27.05388453  
25.15234155  
-81.50371944  
-48.34897954  
32.27637307  
-225.0493169  
49.44238037  
31.3530793  
-417.9821127  
-36.45601224  
46.68886132  
-131.6670998  
132.5947566  
16.32208471  
-123.9894001  
15.28337939  
16.04290244  
-66.54380543  
-29.22789625  
71.16763715  
384.7907161  
-27.78191104  
-61.47034127  
-36.04338098  
-104.0363995  
-345.1230564  
-49.73433905  
97.58050378  
-66.45403136  
-189.1690634  
29.323535  
-178.1622533  
68.1338646  
-326.368721  
40.69158052  
-113.4815174  
-36.15489266  
-197.4958964  
-118.1778225  
-92.11751935  
-213.3505222  
64.0146493  
148.2037686  
39.39843827  
164.1698563  
-24.93725312  
97.47420133  
58.08495147  
22.42095414  
156.1140923  
-124.58784  
-94.70059434  
-195.7623012  
-26.4077316  
23.78736529  
42.23241313  
-116.4720262  
199.8834277  
101.7401189  
-203.3275693  
-26.84007605  
87.30424544  
-251.3591445  
273.7197212  
75.72224703  
76.91929007  
-132.5256747  
-149.0840265  
62.53077289  
-195.8094058  
200.5883505  
-37.39813134  
9.922775365  
76.50346791  
-394.8063028  
-79.81563735  
248.9040719  
-107.7224807  
-199.0863721  
35.86484062  
24.19891583  
61.75242624  
-3.460859189  
-129.0341142  
-152.5474255  
-91.43621778  
-32.47373956  
218.5342138  
31.6943617  
17.25088486  
4.344695898  
-131.8659931  
242.0746893  
-74.63659272  
-60.94411579  
21.71431873  
6.366944863  
47.66016228  
-37.74757124  
140.5408165  
-74.89518181  
-146.4508268  
-84.7166628  
-66.17790584  
76.51054734  
-212.2108007  
159.1335015  
40.43307308  
-22.38549798  
75.29365979  
98.07212329  
-97.07644913  
-173.5233674  
157.4755878  
84.1507058  
19.09607156  
-102.0923531  
3.23313714  
-114.6396551  
-110.2650751  
-111.9055996  
111.4213358  
49.8632337  
34.08651629  
-43.48623196  
131.4038412  
-38.57850739  
170.4403758  
-136.783935  
75.2106106  
-79.69463878  
-127.2177967  
-31.63123592  
-63.7825319  
53.16290545  
-105.6324033  
20.94298349  
-136.8920226  
162.8515008  
-34.20226772  
61.11681842  
-94.78606181  
-49.92208441  
148.2814089  
-63.27843052  
110.7491581  
-315.5716156  
41.22418654  
92.369577  
-45.90520829  
36.36369348  
-75.80559827  
-108.8296819  
211.7598165  
112.8857371  
-98.00271232  
-303.6824775  
-65.36829844  
293.0874238  
-63.30820328  
292.0750667  
