206.8242557  
179.2412324  
204.2120734  
1648.231368  
195.6230847  
228.0365545  
173.2518419  
305.2499692  
212.3720052  
159.8036022  
176.0787905  
306.2639236  
158.6975859  
182.6668766  
202.6389169  
178.4737132  
134.4694011  
380.1172532  
642.2969489  
201.6419974  
261.1351803  
255.6359854  
198.1829799  
196.66402  
284.0943046  
199.4721812  
223.3944928  
211.4595718  
167.2210583  
170.7959118  
62853.67849  
53234.31415  
82917.62928  
182613.494  
56343.96559  
65971.06543  
93038.24534  
68677.98956  
69841.11411  
115564.4426  
58598.63334  
84179.98069  
68125.22461  
78343.68344  
119795.7973  
115634.703  
1847.929631  
68787.56979  
45131.5598  
19361.28042  
119621.1855  
20335.42845  
57894.33383  
16207.87261  
64968.20598  
52462.16226  
56346.63957  
69407.21004  
72222.00556  
46474.97476  
40601.48543  
72232.32828  
77991.71432  
119989.3675  
21328.25533  
22928.69268  
54591.78448  
54862.4067  
27478.24253  
22323.91598  
29311.50646  
14535.73441  
55917.02231  
50217.41925  
20487.06203  
18618.55672  
19627.27939  
22049.03117  
29747.37834  
19350.25541  
18545.10994  
22479.00008  
23137.4615  
26761.43573  
26456.44389  
22009.69291  
18196.29169  
57075.2485  
20000.14496  
29246.06145  
18741.90912  
19664.88385  
18392.67302  
24648.30704  
19575.18634  
21937.45703  
22163.84557  
21160.58199  
22584.63548  
24448.28302  
57292.71071  
34321.16027  
25598.83489  
14337.15417  
20320.05397  
17828.97001  
19481.99151  
26265.28099  
15281.48469  
22801.55826  
26886.2088  
22024.71238  
66913.03395  
27115.64239  
20094.40869  
19141.73319  
26213.3566  
24471.73682  
16312.59642  
45779.3581  
20134.32782  
19987.61482  
29428.13604  
24735.91106  
50294.93202  
45246.81934  
19861.46777  
17984.48257  
15008.07756  
23786.95966  
21619.18337  
19834.82351  
25288.86685  
22652.85352  
32905.83105  
21014.31665  
22125.1229  
17820.82572  
20828.52558  
20312.80799  
24248.22431  
15504.84664  
22274.872  
36374.7547  
19401.42499  
18177.95938  
18295.11946  
76380.30784  
25982.36407  
24757.04132  
25074.67488  
21635.85907  
89531.36418  
18856.76949  
32734.05758  
50314.03546  
35624.02235  
30305.67642  
21981.15148  
31884.48099  
23107.32643  
31398.85291  
16938.69189  
26499.26754  
21703.30287  
22789.70222  
57366.04259  
18767.78769  
19791.44871  
26600.8119  
33650.19509  
22583.22121  
24810.38225  
22455.75222  
22533.95793  
23876.82178  
17682.23922  
28844.86031  
23196.94287  
20582.92189  
16671.18025  
14013.36473  
26130.87177  
20802.51609  
27210.27892  
21254.95754  
27482.77378  
30298.32429  
19727.49108  
23636.42834  
55360.45748  
44238.12061  
112409.6665  
24789.54515  
27202.37665  
21034.52342  
48384.66572  
29327.48776  
58475.67127  
20058.04796  
22348.53307  
40923.37538  
56297.09142  
26462.56058  
32049.05285  
30688.43596  
12832.28938  
44118.03936  
19512.49346  
32975.76067  
21268.34799  
22514.2242  
40137.23847  
27333.55705  
29495.12143  
21916.23817  
33367.82523  
14560.21293  
18997.56329  
50697.14671  
39366.86039  
21855.30315  
20540.5326  
24777.25635  
41000.04  
16175.14765  
18694.68348  
61623.71312  
38149.95162  
21594.17924  
15685.33404  
13079.5142  
54405.12868  
34426.47863  
16304.86264  
13725.24739  
9832.917424  
38147.26675  
16104.95329  
13873.895  
38157.09112  
15174.44392  
50100.44486  
19779.55595  
24603.65918  
40015.67465  
22121.0883  
24244.98171  
28894.99692  
26155.29676  
16529.21599  
20669.47023  
20220.335  
23887.11122  
18903.76773  
19528.94845  
17635.67157  
19045.82874  
33391.72003  
14029.13065  
19929.57052  
23374.48766  
26598.42627  
15569.97286  
18339.06582  
28351.80664  
30219.00383  
14901.94364  
20483.55091  
17695.07739  
19521.80735  
31108.0216  
18317.29811  
27276.62141  
28739.5856  
15562.04537  
12432.68769  
23309.03531  
13743.40255  
14248.68044  
19494.96332  
16645.93643  
12556.90865  
13050.58096  
20864.988  
31536.10998  
19641.33188  
23274.88289  
