295.2019691  
169.9372154  
181.4928477  
963.638686  
166.9767421  
194.0754873  
214.6063473  
403.919936  
155.7957665  
135.2777066  
198.8796437  
301.578449  
218.6731667  
250.6393905  
240.2791452  
245.2694558  
152.6453681  
351.4933865  
715.3276989  
206.3220629  
195.9957419  
147.421984  
183.2421696  
196.5000123  
268.3034292  
171.873078  
225.0856796  
201.1054551  
198.7044428  
173.5440357  
62276.92894  
50626.02239  
84985.14603  
172469.3158  
52057.02704  
59838.07685  
110693.4479  
73477.63672  
69724.51645  
120838.9602  
59092.86629  
76513.04094  
76043.02133  
84706.58489  
117295.7632  
123598.0072  
3049.886827  
63778.50744  
43848.22544  
20555.96789  
133527.3724  
20055.18769  
62517.28395  
16489.26615  
60464.19426  
51386.88709  
59450.11501  
70946.00939  
69830.20282  
44844.00518  
45087.88447  
77887.82955  
76011.95575  
125103.5362  
20119.49046  
25886.1768  
58251.9209  
54203.36967  
25928.46815  
23930.95245  
29470.77971  
14041.02342  
52979.12207  
61006.48272  
18662.27147  
21914.15272  
19271.47673  
23337.18006  
34267.44242  
22423.79684  
18984.04661  
23028.79729  
20647.54004  
24288.25808  
25337.92034  
28981.40501  
23446.14089  
55460.63154  
22087.253  
27949.47191  
16400.74855  
19907.79599  
18245.72453  
24889.96976  
20874.99555  
21742.43547  
20377.36014  
20186.17939  
19386.42603  
25937.62053  
54495.98963  
34097.00308  
25738.96909  
13000.01993  
23507.17094  
18931.86409  
17390.28095  
24186.67696  
15995.12654  
21494.03797  
29477.09435  
25706.83812  
71137.72386  
32185.96263  
22184.3101  
19327.22489  
28443.85603  
23604.05533  
14225.67516  
43683.39487  
22776.62346  
21362.9609  
27540.41433  
22297.54605  
42604.52952  
44408.22213  
17077.69143  
18566.04785  
17140.588  
20694.38833  
21899.53072  
20603.04898  
22845.88548  
22136.22765  
33889.04049  
19970.40576  
20904.63086  
22992.71593  
22002.71821  
20331.07572  
29415.09875  
16646.79609  
20622.75391  
39371.54458  
19100.96171  
19653.62496  
17348.79898  
79902.13657  
25964.60089  
25460.44317  
25879.50432  
19028.02791  
79338.72994  
19275.01008  
32543.31941  
52332.48836  
32538.40843  
30298.09232  
23735.1795  
26867.00237  
25728.20639  
31481.45572  
18758.91352  
23016.92965  
22254.39119  
22815.78076  
61575.40678  
16191.35883  
20665.25669  
27640.26315  
34896.0545  
21871.07166  
25592.58537  
22391.93664  
23306.31396  
25068.38657  
16852.39128  
29704.29346  
26032.13533  
22263.37523  
17045.14836  
13537.12096  
27562.43667  
21201.40411  
25333.95729  
22454.49959  
25281.3842  
31985.18588  
17374.5994  
23927.87406  
57149.4351  
48302.53899  
114502.1767  
24289.07227  
28937.66534  
21662.10449  
45643.17586  
28572.12027  
61799.87057  
22183.54515  
21552.49951  
45986.64258  
61465.68344  
27657.35772  
37755.9988  
31559.4135  
13853.57811  
46084.80206  
21189.15633  
32396.25353  
20713.02798  
25277.00432  
42692.90411  
17697.56605  
31492.96913  
21126.20639  
33149.31573  
17261.32114  
18616.62107  
51639.95162  
33605.9082  
21037.29669  
20914.81306  
30091.02186  
36359.25086  
17934.42546  
18769.46708  
42882.93682  
45717.84983  
22224.44877  
15191.7986  
12602.85671  
49324.98265  
28316.99906  
19104.06188  
14725.15548  
10457.08736  
29697.64344  
15761.2014  
14268.03251  
32896.55225  
14750.53527  
40326.39739  
26938.94794  
22961.32221  
39394.56633  
23946.31145  
26478.83256  
23801.11388  
27584.96041  
16419.75466  
23034.62513  
20604.00567  
22751.20166  
23346.17879  
21392.1277  
18629.2066  
20152.23053  
36235.69351  
14565.08569  
16430.72793  
20929.39598  
26443.91335  
16449.88497  
17457.74544  
26844.20594  
30604.87425  
15965.38062  
17882.09664  
17963.19548  
21692.52494  
36193.9304  
19385.12049  
30207.93042  
26859.92172  
15931.81197  
15035.92407  
23895.31179  
12865.6646  
14978.80288  
19732.64141  
20149.86014  
13212.26166  
12827.17907  
20536.09989  
34057.69452  
20220.20776  
22460.48655  
