66.25671058  
7.862393994  
22.0204656  
5.250588793  
-9.589927148  
-3.774808029  
-5.3999712  
12.93848802  
5.852656447  
0.8583730974  
-2.615571036  
7.902900236  
9.087731334  
-14.9725267  
-9.78896642  
1.22698372  
0.3172230102  
7.21217489  
-35.80167423  
26.87496894  
4.03168408  
-10.60577374  
15.39032501  
4.20564977  
43.90606324  
6.866572676  
-10.35095948  
45.14448041  
2.059511269  
22.21282887  
262.2584765  
-74.5538635  
124.3208631  
37.88769419  
249.0564615  
82.93959743  
2.907222023  
49.73876405  
57.84397163  
-180.3083072  
177.3634143  
-33.73466081  
-364.0382276  
-376.0349749  
110.1074963  
-7.056555409  
43.57693296  
-140.5946635  
-136.3747485  
-58.84653568  
50.82719267  
-253.6746483  
43.71899027  
11.91258921  
286.8221886  
-37.25464912  
-235.9607633  
208.5316247  
-147.3146526  
-57.56560973  
8.406961129  
-482.2833018  
-154.2187592  
2.790823148  
52.44590471  
91.43626296  
60.3928111  
41.40945938  
147.5903321  
73.60761762  
20.8663423  
153.8206759  
81.40086409  
-116.6905792  
-212.7528325  
-0.5098419189  
166.1483407  
173.7242065  
190.6825105  
-139.4840753  
-18.6637294  
-199.68101  
-72.49427906  
33.08895422  
-110.9427667  
-209.0636192  
-83.63495242  
-84.06968448  
40.75669539  
68.77986929  
-32.72099695  
-158.762291  
133.7711658  
-43.35106984  
22.72256797  
-41.05221876  
-169.4508911  
-103.8056352  
33.09408904  
-154.0658081  
-58.00936412  
-110.8834572  
-133.8376985  
18.15412545  
-231.3729769  
173.0639271  
114.6745407  
187.2004216  
-77.98937734  
74.57430852  
76.80498181  
-151.0526425  
-122.3976517  
-50.54568772  
98.86949588  
-10.67861043  
27.34954209  
-12.16967089  
62.13974773  
131.8638328  
-113.1225309  
-90.55052807  
177.108151  
30.01873433  
124.6650458  
40.94604003  
200.5999032  
61.24799869  
96.14374879  
80.5729623  
103.0513034  
30.08497251  
84.66712333  
19.08887186  
131.1769569  
-290.3492794  
3.195094297  
-17.32249513  
43.29385626  
37.10644257  
-199.8851285  
146.4040271  
-87.2071473  
-64.83164663  
-124.8200248  
-105.5646087  
113.9840583  
-88.2679001  
-108.0952451  
-127.688709  
-17.32315794  
-7.144078578  
-570.8304963  
29.3495655  
52.65671529  
-88.86013991  
-210.8638579  
258.0733078  
-281.2159915  
13.99726145  
-5.674135025  
101.8089332  
-123.050112  
92.2310344  
-299.7490196  
-128.1436734  
-63.08945312  
70.14267771  
-18.99243743  
58.78954163  
-77.722276  
150.8203461  
94.73095435  
151.1843069  
114.2714328  
-170.7339774  
-63.4912982  
94.29930684  
59.3153441  
-23.19062849  
85.90043566  
-116.344056  
-32.19445144  
-197.5939544  
396.4466022  
-25.27331094  
30.67678013  
-50.34621264  
32.51307972  
6.06575044  
2.935968239  
250.8445126  
41.47506793  
-189.7403637  
-10.62331024  
105.5949021  
-72.51916475  
181.4751221  
150.7280129  
87.18996949  
-124.2045697  
1.66383636  
294.5465338  
-45.26951311  
-262.0829281  
59.90076429  
-26.47737045  
-48.89843504  
-153.0407122  
-140.0811406  
-91.38403841  
-122.8713705  
95.16210343  
165.666982  
-91.13052022  
-93.39352436  
187.3999826  
-70.97710255  
12.02013217  
159.2647923  
-58.54310003  
28.0936601  
-76.50695151  
161.1905615  
158.9983686  
74.65554919  
217.1483298  
203.3846786  
-250.1101528  
-172.511599  
-34.75567568  
-43.18549887  
-54.80875718  
111.3792  
61.78103827  
-3.139012103  
2.549731972  
-111.8244545  
19.61132355  
-86.9992798  
113.2840798  
85.43531778  
50.07566285  
-49.28589412  
-9.482820612  
37.64719907  
17.26380257  
-26.01989093  
111.0605464  
-140.8385754  
-92.04821186  
-112.5196812  
129.6987253  
175.7997837  
216.2176602  
79.32197508  
86.51600063  
-70.15148225  
42.27668636  
-135.5786751  
-61.4988881  
44.44623465  
-154.4911793  
70.34947095  
-42.63388941  
-119.9785701  
29.40219296  
-142.1867958  
138.6076108  
-209.9183687  
119.6295358  
-244.4308597  
66.05412249  
-55.6159498  
91.00672206  
-4.215730191  
-104.1716359  
-241.7156476  
-76.87602919  
64.71112776  
27.79366058  
51.62019329  
-171.0892941  
-110.632512  
122.6114682  
42.32630133  
-63.4851779  
247.3436203  
