42.67448078  
2.345280513  
-0.1833166584  
3.723750145  
15.68024302  
-14.42469937  
-3.951182613  
5.64992467  
21.295471  
2.798327173  
6.779545288  
23.29713307  
5.34942704  
-6.294621635  
19.48788228  
25.65545541  
15.26409289  
-28.47202957  
-53.56571859  
15.81115104  
32.69090013  
-7.990897696  
-6.321600795  
-5.423481098  
33.71684675  
-7.844182317  
-14.82419794  
17.05734933  
-18.09190085  
1.387422025  
-44.42048844  
-79.49538172  
19.92544704  
282.0425396  
174.6395501  
66.90225665  
-249.9226867  
-34.95736422  
76.09158577  
-235.9009412  
-58.82002393  
-319.506047  
-34.94206255  
-181.2403542  
213.1449182  
-191.9326296  
-54.22180173  
94.34825218  
1.229600755  
-12.19602841  
14.24594013  
-227.3760428  
448.2307338  
159.4784269  
-229.2293554  
69.16281205  
-59.89587912  
31.76000603  
-223.2088446  
-47.35563654  
-147.274229  
-243.6568309  
75.84585562  
-113.4372357  
168.2283866  
142.2559686  
122.496804  
-317.0134848  
193.4868156  
103.9669199  
-155.928054  
29.31886132  
-204.9199975  
19.52453434  
-75.50729938  
25.3614109  
49.6543248  
-274.9007873  
-60.89902222  
123.6102144  
75.03252474  
21.4210718  
-152.1470802  
-134.9360031  
180.4774069  
-142.7092218  
-86.03991972  
165.7279115  
88.18109518  
254.5815403  
47.90090561  
-13.93574482  
-19.55166968  
236.8493909  
-58.28295066  
23.69228207  
30.83086492  
-16.6095229  
15.45545384  
-64.49290043  
-167.772883  
-144.2343543  
-83.97093374  
-129.5411441  
-127.1009475  
-63.64365608  
-55.40191929  
80.28048468  
-18.98146287  
-7.338658804  
-41.3063643  
-201.4143735  
-144.6381418  
9.284967547  
-81.74268338  
-85.02119899  
-91.36040532  
-2.335548016  
58.00696914  
155.4687  
8.551841997  
-215.6416323  
-11.82839196  
6.212006186  
132.4963142  
60.71878348  
60.39482804  
63.64197451  
-34.21787711  
-127.5079102  
91.99832087  
-33.99244761  
20.69085461  
188.1547182  
180.2840682  
-169.8786626  
-174.9508113  
102.3490086  
-49.38598416  
203.5456643  
-32.63480569  
1.465674345  
-64.5044325  
-129.3443081  
-100.8202109  
70.18484551  
-170.943007  
-155.9077174  
-208.0763321  
-43.58017692  
-98.39311781  
-152.2963918  
-342.3116033  
59.8981835  
0.8488309435  
-224.7399352  
-319.5462242  
198.1821089  
-152.9746228  
188.8689865  
-150.590102  
54.37742143  
-32.13528817  
-28.98372529  
-98.2320328  
-18.99281908  
51.62975924  
-36.69154182  
-48.68726478  
49.52960885  
-328.7276738  
195.3720616  
-135.6140959  
167.1766209  
-192.7001796  
117.2240219  
-210.6032363  
-21.0639425  
48.46321499  
-112.26439  
-24.29063256  
-111.0013366  
-91.91751226  
-36.38502267  
240.5569797  
46.12677787  
-14.71759428  
167.5093143  
147.6657553  
-228.4157499  
340.5233017  
16.16185613  
257.3929917  
-121.9330128  
-49.59942362  
124.1151093  
-87.409767  
109.6854175  
111.6079076  
65.84078677  
-5.85859156  
-146.3342794  
335.5567148  
122.4439268  
170.3763595  
90.23969209  
-34.74333041  
97.5360929  
24.08831784  
51.58307558  
-177.8234509  
-24.90219474  
-20.71992528  
50.82156981  
21.56106372  
-31.0138108  
185.1249715  
-91.14548084  
9.246039313  
-47.11967535  
-5.083456867  
-76.58964984  
-19.5128547  
61.63548824  
6.251420012  
-10.10633653  
4.887961621  
176.6601818  
-79.0233534  
-132.1684294  
-26.62601003  
-68.37116238  
-207.2233723  
87.3387533  
-23.04146184  
44.62206325  
30.1596461  
-145.8834753  
-215.8167065  
-17.6191057  
128.6881062  
-57.64592194  
190.3546323  
-151.8353273  
-123.0923598  
32.83822282  
-339.6762834  
-64.32755659  
68.78773843  
9.048993019  
158.9670796  
-100.9334801  
-26.21335239  
64.39703356  
95.88706838  
12.06788292  
186.6613165  
21.77437577  
-172.7703331  
-92.2867056  
80.52366767  
193.1372159  
54.44582055  
67.12028756  
-135.4552771  
-10.51350256  
171.840299  
86.00635945  
162.5982449  
62.72749272  
-108.3883143  
-326.2415587  
26.28951916  
-121.6671155  
-156.9308034  
16.06449338  
-92.28105  
-45.82948274  
-4.647698486  
-95.12631082  
142.6814927  
-76.63623644  
-82.87686326  
-107.0931967  
131.4016748  
229.1620562  
53.02397482  
-44.90573585  
