38.22290902  
-7.872420616  
-4.099362154  
16.24107696  
10.4283603  
0.252472209  
-4.017249  
22.7902159  
7.232588891  
-4.659273051  
22.57891125  
3.791810805  
-3.881951016  
12.8839595  
-27.72211354  
3.497484917  
19.10651414  
-8.341719384  
-27.14281794  
16.03838885  
12.72422842  
-10.27977555  
15.31475464  
-6.015564348  
-4.065772726  
15.07299622  
12.79443618  
36.01353886  
3.659694074  
1.4400737  
-93.15206852  
-214.385692  
-81.49435678  
-54.84379497  
-67.30171748  
-19.1059428  
268.7596249  
-74.0323269  
372.2089737  
-235.3966086  
-115.7225195  
-236.5783168  
-31.55510207  
-50.9711545  
-113.4462605  
-340.6125086  
-78.02629157  
-110.5470166  
59.26515499  
-98.9304881  
78.12660383  
-25.3316606  
111.4860658  
54.2667662  
106.5156313  
-40.23772451  
-150.3001006  
86.96875629  
-198.391646  
36.96612406  
-181.9116046  
-458.8794815  
-224.9674497  
-90.96069116  
241.4076207  
-10.40590604  
173.8351022  
-78.95792483  
-7.901925802  
-23.24058563  
-35.19161607  
78.54887445  
-141.1614741  
49.89221472  
-188.1967635  
138.6971225  
176.612609  
246.8693888  
129.1433227  
159.7413871  
-160.5027678  
-215.7661002  
-85.01593741  
-214.8066912  
77.97766582  
-186.3708924  
-138.604343  
-31.20727222  
-75.72017884  
84.57855745  
155.1788577  
-216.3015462  
-77.46911262  
-11.03023634  
118.9257492  
168.833745  
49.27363403  
-42.80321221  
-213.1436636  
-196.8174595  
31.73622179  
157.4598558  
51.38688924  
13.46919483  
-450.9787545  
33.17564464  
-9.410168973  
169.2382033  
-73.84445646  
13.44214647  
66.92847034  
-152.1679045  
-60.80519449  
7.760826762  
16.55124784  
-7.609889599  
-15.8067494  
-28.57088846  
-3.067123051  
225.4622787  
-24.6486788  
-166.1133974  
38.98623768  
142.380115  
-52.02126532  
42.36873366  
-16.23435902  
-76.40106412  
17.03864184  
-56.1493393  
-23.05887995  
70.67944798  
-108.4283219  
-44.57206929  
109.8885947  
-303.7958874  
-84.40678851  
2.464646282  
4.072298114  
21.7254935  
-102.2189126  
174.7763305  
90.15947802  
-82.71935203  
4.444268389  
-138.7120088  
-145.2066841  
160.972903  
41.9717683  
47.93451946  
168.6798602  
39.08633595  
-207.266032  
-51.16148984  
-213.1772027  
-68.09316976  
85.89800105  
-180.7983016  
-186.8555345  
54.11003661  
13.62463366  
88.38596149  
-121.2703308  
-92.68156037  
-76.69223499  
43.12114825  
139.4830579  
-112.7253229  
-24.33401919  
-70.06943759  
-162.8605184  
11.55234048  
-42.46679679  
29.01167447  
-76.73888691  
-125.8325812  
66.74275228  
21.44639558  
-115.1708966  
-119.5987895  
-54.02611443  
-4.888676701  
45.38485046  
-263.2446932  
44.98722631  
-52.66673854  
-213.301722  
-30.07022964  
-80.09770386  
143.3568211  
289.6418429  
126.6074903  
205.9913701  
-61.88274399  
96.06201245  
60.29496736  
-140.4350225  
32.78517511  
217.9351853  
-51.92817561  
-33.23334763  
-165.9276834  
45.51080069  
61.37711953  
-154.3811167  
-78.0713793  
48.63643489  
267.8062185  
-20.56398022  
-29.72293129  
5.990520899  
-5.373340318  
-263.7303177  
-52.85387132  
34.09071794  
75.63430643  
41.25145542  
0.2946164883  
105.4852714  
-25.18750639  
21.1495207  
-21.31472366  
-137.2331933  
-76.84389587  
217.9574552  
-38.40651943  
1.587115705  
145.4091973  
10.61265602  
-136.6151178  
-184.1584545  
-111.5235271  
-71.47791042  
56.70492056  
-268.2011452  
-157.4767025  
40.22239908  
45.65844165  
-57.22373003  
-115.9642545  
199.9759651  
67.45195484  
-233.5557999  
-69.26785448  
73.85801178  
-22.61712343  
-69.31785989  
-105.2686317  
-96.17767899  
40.90351501  
81.89009728  
-165.1146089  
17.71588231  
68.69962351  
85.28826066  
16.03543674  
66.3052293  
-6.14753382  
-0.09719895858  
-36.07043626  
21.71957661  
27.70920271  
9.995613923  
-4.461329882  
13.31119541  
-232.9632014  
143.9981329  
-22.14419153  
225.8827641  
-354.2875999  
76.45258741  
-93.8702202  
-98.09710264  
79.38962665  
161.2896819  
-74.20950785  
-109.1417391  
113.2564026  
19.64752163  
-163.8291509  
11.07610438  
-31.91456408  
164.4070063  
55.84995308  
-26.49993704  
269.3097584  
-85.06328215  
62.88732121  
