214.6824156  
210.0784721  
175.8583249  
696.7622692  
154.2887735  
228.9034559  
200.6159474  
348.2287366  
232.6027225  
186.4361963  
200.5262545  
321.7743956  
188.5671038  
284.8221958  
219.4662361  
329.0085508  
156.2662086  
303.2014964  
521.0602757  
175.8610643  
406.4899814  
165.4401566  
214.4652487  
226.8202186  
308.0017903  
161.372595  
191.1131451  
234.9375511  
279.8660856  
190.7822483  
64488.9979  
53095.43029  
87273.04267  
214409.473  
56060.19088  
64818.63664  
110294.5681  
77507.72048  
78694.35517  
122932.7486  
59702.77456  
78490.71417  
78112.83113  
88040.09916  
123409.7975  
117650.8715  
7161.035325  
59227.00736  
44712.53929  
20777.93667  
132266.1361  
18806.49797  
64339.16076  
18379.23663  
60916.21567  
53504.04642  
60683.83571  
74460.54102  
71110.21484  
45552.43051  
41560.6825  
74258.08203  
79172.54289  
125725.1074  
21648.42278  
27098.12861  
55806.23753  
56524.21883  
26400.08489  
22670.35378  
27874.54594  
15470.51638  
62678.50391  
59870.83706  
18241.94327  
20629.75503  
19714.80302  
25180.89145  
35374.87083  
23935.17796  
17502.95555  
23380.98156  
21398.72506  
24271.34792  
25440.7752  
27311.97021  
19251.65617  
55345.327  
22057.43521  
24766.84048  
17675.86448  
20720.03752  
20137.86831  
28905.73614  
21550.92141  
21528.34018  
19853.88875  
21117.91485  
22112.28745  
22877.53504  
53581.44246  
36041.93074  
23996.84514  
15428.93374  
20873.52659  
20323.81564  
17694.7521  
24864.14562  
17388.72292  
27507.93288  
32548.54669  
23008.9606  
56157.62906  
30072.72221  
23200.09679  
20574.52013  
23454.39025  
24031.26942  
17791.22067  
45997.38003  
22232.71454  
23280.1271  
26467.46184  
23876.72412  
47353.24684  
42772.19674  
18689.56207  
18610.79744  
17775.64932  
22192.51547  
19103.1204  
22927.74223  
23010.50901  
21719.24335  
31814.10404  
18615.92576  
20299.69539  
18653.26692  
18910.53399  
18589.27858  
25866.76649  
16630.12194  
20238.77473  
35660.07899  
22225.45215  
21125.07647  
18479.31832  
80992.27847  
29160.02224  
29234.77197  
26374.63345  
21177.93029  
80195.34285  
18955.28335  
31813.88244  
50194.96785  
33233.7651  
29750.28872  
21133.93095  
34410.52299  
27119.94787  
32000.44779  
17829.56504  
24855.72175  
24958.32426  
24940.27486  
50723.52366  
17734.81594  
19995.08211  
28204.95913  
33558.55431  
24858.84491  
24551.00699  
20075.95675  
22089.2242  
27541.94494  
16344.27971  
26140.72157  
22363.2106  
20390.14346  
17056.02064  
13138.69873  
29770.6401  
19790.97427  
26764.6629  
21194.30551  
25352.08109  
32645.84578  
17790.73432  
24823.13492  
70925.41609  
43674.64555  
103264.0813  
25219.33823  
32666.02716  
21324.64076  
48027.36523  
32656.72266  
57612.63386  
21858.33357  
23350.29269  
45404.25623  
56890.31986  
25188.23817  
38155.58875  
27438.56532  
14169.34552  
42638.48114  
17364.92965  
36366.32951  
19197.11816  
24017.65775  
38023.54853  
18424.68754  
36517.74493  
23681.36174  
32007.53767  
15157.9175  
18721.06795  
53533.82437  
34888.83718  
26613.24606  
19427.23849  
26458.1925  
40596.30728  
15815.16938  
17301.57388  
54513.77291  
39660.8098  
22699.83008  
15998.94775  
12536.19304  
45791.77599  
29826.36369  
15208.28422  
14055.91325  
9175.804049  
38574.40182  
18194.10733  
15251.63565  
41282.66365  
14181.9692  
51686.83729  
21806.74619  
22153.67109  
40119.95448  
22039.96236  
27692.85077  
26217.28831  
29834.08864  
17686.03563  
22655.52205  
22147.17877  
21808.87763  
18385.61191  
19201.03504  
18279.10145  
20763.44573  
31024.30916  
15960.38454  
19486.39673  
21004.46332  
25339.74392  
16221.59634  
16456.96898  
24749.69096  
26813.59383  
16213.83892  
19746.86482  
17239.15321  
16897.2297  
35559.62406  
18472.76683  
28566.19032  
27182.02524  
19186.55542  
14244.17698  
26379.38903  
14205.47332  
14746.72709  
19704.93046  
21868.82692  
13618.83567  
13609.69978  
18609.72106  
38794.79534  
21220.04207  
23853.26183  
