687.819446  
454.3214888  
380.8176808  
2936.868421  
306.1803101  
529.9344282  
307.7869243  
821.7311087  
347.3679914  
321.8770266  
494.8050055  
692.133509  
152.9051434  
457.9319649  
364.0722698  
693.434497  
231.8122372  
574.6117144  
891.6635054  
546.1078213  
2206.180512  
481.7422497  
952.5935953  
869.6347423  
782.7132646  
242.2214906  
625.480616  
867.434407  
447.41997  
372.1640351  
18798.82697  
17898.48026  
13909.67441  
45500.00877  
22210.70683  
21870.3224  
45245.94956  
47585.32314  
48894.03295  
82169.76183  
42075.51765  
19652.54141  
42254.61684  
58883.91929  
41025.35537  
91966.92586  
2708.596698  
27524.87266  
26822.40047  
18606.62508  
37966.55365  
11830.86754  
31018.8691  
17458.17282  
33496.24555  
17801.98849  
18934.056  
39742.87745  
13189.82631  
18271.76678  
29091.63965  
20220.85072  
19223.74315  
20905.82088  
43367.84836  
17545.99625  
39505.12197  
26190.21219  
18176.56952  
31399.60465  
36312.69446  
8553.71814  
30594.51395  
30743.08955  
20824.1761  
12663.21902  
18473.04027  
17157.56085  
14866.45444  
31313.33737  
11289.15965  
6004.237349  
26948.64496  
12237.7881  
20720.68053  
10591.20436  
31435.89183  
25721.49083  
32376.75011  
30223.19102  
10102.59291  
14476.69648  
9165.86623  
20672.35461  
21341.26744  
13761.42598  
9762.326231  
20311.13556  
27581.94615  
22256.38388  
71612.06457  
20009.30072  
46196.53732  
16658.3233  
22862.87513  
8715.841981  
9165.381613  
10568.93963  
10813.14479  
23288.71294  
22089.78276  
28838.34186  
52464.12895  
10461.43292  
44623.23347  
12402.70013  
27692.85139  
30505.55757  
10034.08535  
38006.40478  
27847.68264  
31303.01458  
20159.28697  
22015.73866  
69172.00593  
61823.27973  
10646.51917  
14711.35744  
12705.78166  
19669.73569  
29991.76727  
14157.27173  
33341.99704  
35175.12144  
18041.20727  
14245.37168  
9266.383217  
32118.18985  
13465.17198  
15424.36165  
24177.19762  
14503.51726  
17109.67328  
27595.96041  
13504.72795  
11695.01377  
13688.01336  
80155.54793  
6725.050337  
17656.87901  
22761.63298  
29099.09005  
131082.9067  
9303.530676  
61138.2553  
41898.42662  
28606.9367  
29635.56643  
9061.140915  
13923.096  
20677.84483  
33739.78172  
25195.48466  
10468.89205  
43227.86816  
15404.06862  
49441.33  
19083.56499  
22666.52748  
16313.65824  
22924.2661  
10827.87832  
24730.74237  
14143.09997  
18199.38089  
25799.6472  
12155.71866  
27318.92129  
21428.49375  
17416.77119  
19277.86993  
6755.181237  
20815.29545  
19960.50741  
26174.54963  
8035.891807  
20150.95928  
10052.83321  
11634.33134  
28153.22039  
163910.129  
43368.29737  
61328.49686  
20652.91149  
14578.19164  
11621.6971  
42735.20154  
28069.46673  
69155.10003  
11493.6211  
32443.80647  
128603.9389  
51210.60367  
14959.65622  
10579.24225  
15481.74408  
6346.035451  
17593.88306  
4201.123344  
7760.700211  
7034.247032  
9820.989647  
13908.37137  
20925.3988  
4224.126145  
9828.940346  
7388.639908  
7417.948987  
22514.08533  
19085.95486  
19939.83764  
9169.952348  
5395.70594  
19609.33887  
45852.91468  
6133.532125  
14363.424  
25862.12079  
52317.61989  
11617.87919  
5459.926013  
3516.012286  
19527.21054  
21358.22254  
6468.617436  
3192.121936  
4291.59318  
7287.952744  
4198.475026  
6576.46402  
8588.032533  
2989.369288  
8545.96458  
6437.901757  
7454.611496  
12209.96497  
4298.148165  
2641.530969  
13412.38093  
7498.401482  
22702.94795  
11048.39874  
65144.43956  
11899.31358  
6762.547801  
3279.50281  
4460.983646  
4192.959571  
11605.41748  
9420.036115  
13097.05032  
8169.702153  
6566.212553  
5944.557205  
12175.96212  
11291.24076  
6451.390996  
4979.08066  
10716.52358  
5654.535642  
3376.466605  
30231.19726  
6563.319784  
7594.584245  
5218.426489  
6805.459133  
4258.488984  
25586.19696  
8459.138677  
10522.32883  
3060.733011  
6805.946126  
5628.617713  
4527.761427  
6715.66955  
9214.629227  
4951.84507  
4331.022221  
