21.02580305  
1.791093006  
-42.49448378  
-91.90484438  
27.80383709  
12.33375088  
77.13168249  
7.44080551  
21.65292098  
-22.39955851  
53.8579959  
32.27175503  
10.64240695  
-10.92732894  
17.90701122  
65.60825997  
-2.611483289  
-38.81436496  
41.79476882  
56.9111839  
20.88151479  
27.54535567  
46.99207904  
73.04503287  
-16.6420515  
44.86867166  
42.47630121  
24.73878818  
5.819356196  
1.882673351  
292.7469299  
-45.95569956  
57.07565736  
-393.5270544  
-15.40320865  
34.24042068  
-33.70924911  
-26.47325899  
-50.44636008  
91.4003197  
63.46790631  
-209.0390236  
-32.52945068  
22.63861649  
33.17492491  
-238.1554905  
-16.2299037  
142.8797874  
5.381995612  
-65.66341345  
-81.01444621  
-65.75351564  
217.3194645  
-67.41155401  
295.6300763  
5.442226513  
-125.3213348  
42.64331477  
123.1677662  
17.72267183  
272.0400851  
-38.96350413  
75.64963984  
-2.733242795  
-56.3890512  
168.6670964  
-309.4858958  
32.63300591  
-12.896293  
-61.91389412  
8.156430011  
-43.18500522  
-144.7871629  
487.6773568  
-106.3446216  
-66.82929556  
49.34966669  
-187.1819987  
65.89023485  
-237.9272519  
55.119767  
18.57788691  
202.1712161  
63.5597753  
-235.845105  
149.8530192  
206.3585227  
319.8079196  
42.73100101  
-55.36349143  
-4.288354052  
-41.54469487  
-27.82892139  
-143.8070201  
31.45729364  
57.70076344  
29.20463695  
171.2378359  
62.65361939  
344.6585387  
-30.91168257  
72.03481529  
396.8550453  
47.62877549  
-17.82239483  
19.48328612  
56.30105595  
-67.77727056  
91.00640295  
123.1494295  
-209.7899052  
74.01023445  
212.5850673  
-47.1581154  
274.4761934  
-57.67358606  
62.19900246  
204.9640675  
151.5060766  
-8.62064888  
260.2896719  
-21.57533993  
201.7155517  
113.490331  
344.0851091  
406.7845857  
234.5650681  
20.41215556  
-164.8357257  
-45.21522858  
68.57309865  
-9.705718569  
-271.0071787  
253.0931931  
15.71549308  
-133.7722688  
-134.2616485  
-8.788986926  
15.55815147  
-34.27536155  
-242.472389  
143.0650471  
104.9334373  
168.4196007  
55.89280412  
-144.5865137  
179.6631703  
54.33013333  
84.05437694  
-66.31174906  
-34.46658336  
-195.2277494  
5.536547717  
172.7338391  
-229.8548208  
-129.1239209  
115.4574737  
138.9195352  
170.5781639  
48.53882619  
16.41282199  
203.706853  
-0.0194218486  
4.02966504  
40.11522226  
66.64234226  
-5.954115882  
-43.84136821  
12.73322591  
-89.53131309  
59.32490597  
44.40814867  
-89.98780704  
-155.4712896  
-166.9137659  
-385.0862464  
2.457424856  
-113.0078207  
284.2589547  
-182.517893  
248.5583205  
-79.77205935  
50.5098188  
139.1534608  
260.0445649  
176.5146222  
-93.88419955  
90.9743436  
-15.68106587  
0.2919188761  
-420.7754521  
222.0378648  
133.2176119  
117.3563396  
-77.37863302  
-2.983562077  
46.05318087  
179.7716647  
48.02109739  
-66.74378968  
193.4069534  
269.8220018  
149.0182057  
4.421327488  
35.10792785  
34.52868612  
50.27353611  
49.87240095  
4.783555977  
32.5347715  
-53.3673194  
-65.52879055  
79.30398636  
46.56823811  
63.58173517  
-23.28852001  
0.5506210327  
29.88410165  
251.4557918  
113.1732845  
363.6119433  
63.06196641  
60.17349945  
23.90925617  
241.8031369  
125.9551537  
34.65154799  
199.6437763  
20.72847982  
-67.92480426  
-1.514779897  
94.43310468  
126.1483726  
112.1700901  
-9.778194942  
-3.287918077  
66.05207172  
-92.2196788  
-63.18352642  
1.338738881  
90.26387413  
44.15378422  
-127.3783019  
47.63097335  
65.97294738  
41.90170991  
-89.1484336  
-18.41733509  
-187.8751157  
69.97082866  
-84.52862731  
-33.20625552  
-17.09466117  
-74.56818363  
9.498840338  
-13.29103304  
-128.5224428  
132.7331071  
20.98437189  
24.7213091  
-38.52156497  
-20.08339168  
-140.2598845  
61.84690247  
33.68391677  
92.90627266  
149.4460847  
-34.33416505  
18.08713707  
-0.4397748931  
85.04699391  
-59.85132802  
163.8143023  
-117.4186578  
48.97217338  
36.89533662  
-40.90391345  
59.07961869  
26.26758671  
-115.0849869  
82.1846494  
-26.69475466  
11.54758632  
161.4725188  
-67.86649207  
116.5105937  
79.83107957  
35.47929514  
