-18.69545543  
-35.24435569  
-42.0748976  
33.91139196  
18.58778783  
-6.482067236  
30.76146818  
-27.17624446  
15.82425644  
17.43748778  
-7.519667579  
-29.91385239  
0.8346126138  
14.45816192  
3.770605137  
10.77492732  
12.48466368  
1.378535708  
5.582026449  
34.3992896  
15.67769403  
-7.777437431  
-4.707035907  
86.10798983  
-10.23229652  
7.940561568  
43.22183053  
-46.04012982  
51.84682475  
13.83528827  
52.81768467  
35.4844511  
52.23601834  
-167.0069189  
118.3876968  
-158.6199685  
-197.2315134  
110.6537676  
-41.49352574  
-71.01245102  
-19.09090091  
24.30689105  
-102.6035005  
-217.3301341  
-23.90663934  
68.17599088  
-3.784155418  
213.4941676  
-79.90786007  
63.03073501  
43.48310539  
-132.7446193  
-149.4475144  
-134.0364233  
115.3762903  
-88.07831221  
-16.12681779  
0.9264864828  
-44.47290619  
16.67490186  
-42.0836647  
-64.0914324  
35.42922479  
-38.14899581  
143.9598865  
29.13703865  
-57.86691589  
103.7789426  
12.88081125  
15.99852825  
-59.09668138  
-47.21215612  
-326.6217859  
288.0414174  
85.01456282  
-49.94023649  
111.3769752  
-118.1139391  
3.510665828  
-91.41078287  
161.0244227  
-26.729004  
134.5363689  
-149.6275075  
-237.5438851  
139.3487345  
189.3410058  
258.9318695  
-119.3819733  
17.00483379  
106.4583238  
36.31105768  
-105.2543238  
23.93196052  
32.19910174  
142.1643707  
-90.23713718  
19.90078268  
-197.3919748  
-97.76480365  
278.6488644  
44.81368792  
289.9590826  
0.1445588505  
-113.4777248  
-65.85763655  
70.55764276  
33.72457961  
131.9819642  
176.2686779  
-91.99953548  
-5.31173046  
64.56906021  
50.32991493  
310.4242038  
68.76929659  
102.7693088  
99.46461317  
64.48576831  
269.2709744  
-120.3443417  
-80.98278216  
362.2766987  
26.02160382  
270.8186201  
160.3950019  
93.9869754  
27.65635958  
118.683423  
8.070840649  
-35.8078373  
122.5280006  
-10.38059553  
144.6355031  
-131.7392089  
-120.9271999  
-77.75234159  
-122.9037039  
-106.5832964  
-62.95623471  
-136.5104007  
189.0755823  
60.5571474  
55.42217556  
-47.2929042  
-172.7507433  
170.039709  
155.2976273  
-4.83657413  
-123.471245  
-91.70256878  
-96.16173988  
-389.2916941  
10.80985797  
48.68399039  
-112.0720873  
8.988987463  
-16.09161161  
191.8096949  
35.39855665  
-32.66987093  
129.622479  
162.3450104  
-35.59836815  
275.9414866  
74.13800548  
207.8874979  
-223.3286377  
308.2983476  
-36.88447033  
59.44463639  
-8.474765684  
57.7882847  
-69.56325793  
-70.62885951  
-307.3066369  
-76.82126094  
49.74572405  
-87.55043182  
45.70170146  
72.43766236  
67.29224761  
111.3723215  
-80.68723543  
72.36708335  
93.83301978  
-52.84534516  
43.63123879  
6.576400981  
-108.1125661  
-17.20827943  
123.4935933  
155.322906  
149.836578  
-74.71300219  
-65.71288588  
-161.9485571  
32.91806054  
-73.09998791  
86.38375111  
112.0934828  
708.7082247  
72.68453598  
-52.17764954  
36.86622492  
-40.08240353  
16.36852804  
128.1297051  
72.27594677  
-54.36085192  
-9.895305662  
88.19604733  
-38.16063982  
98.37071306  
85.41890003  
-53.7059443  
92.66801238  
-79.44371486  
-182.9293006  
112.2445775  
112.3591649  
18.03063621  
-0.8771205182  
-13.67576722  
13.33179545  
-5.755940611  
140.8040568  
95.98615037  
-161.3909908  
-69.71763267  
16.89502763  
36.43107279  
52.65155098  
-223.43291  
20.75411462  
41.79737904  
83.78714571  
-25.34309903  
-14.92329404  
-6.112930139  
158.6067809  
109.1601751  
1.835477981  
67.57496444  
120.9511955  
-109.225076  
7.361565634  
38.46512025  
-133.8174383  
7.802346295  
-37.0054102  
-105.361733  
-65.27813974  
114.1728932  
106.0250089  
-1.02674613  
-94.09050006  
49.21569106  
14.99043727  
20.01855787  
-46.22182094  
-84.86550435  
-134.9428932  
-69.95991889  
-157.7439587  
49.8530335  
13.28228627  
-29.77716495  
-16.86155219  
-147.5869206  
59.56202093  
-33.188302  
192.9396178  
9.927273888  
9.043397448  
-27.43584546  
67.32085603  
9.169572071  
48.51572999  
-93.1298212  
60.36610706  
-40.98983693  
-128.5533743  
90.79150295  
-162.9596989  
46.2666906  
90.03532957  
28.39585039  
