687.2185361  
512.4809455  
381.6522506  
2996.663716  
225.2810534  
429.0381945  
353.2027714  
931.9528273  
414.1788914  
397.1398381  
496.1348204  
643.5657328  
190.7185964  
560.488654  
310.5897875  
917.4756359  
284.6032859  
694.629662  
638.8854149  
456.3338997  
2246.695609  
527.588793  
1164.467823  
961.8470082  
654.5756196  
245.5241506  
531.7818023  
856.6801524  
512.5048933  
392.2072645  
18400.29496  
17316.08149  
13538.86697  
42591.37469  
21792.74604  
20714.35326  
50406.34796  
51001.09284  
45790.43143  
75011.38097  
41038.31453  
19198.91744  
37616.40361  
64042.02436  
39125.70508  
87792.47469  
3182.370564  
26595.90712  
27076.55902  
16199.97133  
41586.90336  
11079.82217  
32623.7936  
16493.76488  
31597.52489  
17093.02517  
18598.3984  
36275.78165  
12586.46962  
17258.07044  
26759.1708  
21144.3231  
20021.79002  
20205.00419  
43391.54566  
16398.65351  
42288.78336  
24551.95307  
17963.51565  
29782.15064  
32463.10303  
8741.694501  
34540.04035  
33232.78935  
19261.7512  
12140.81935  
20301.34903  
17734.27544  
15972.02624  
34372.47097  
10580.54081  
6158.170752  
23424.16974  
12126.77387  
20111.77027  
11203.87703  
32732.55982  
27597.86378  
36890.14351  
26237.15509  
10189.84302  
13494.419  
10202.55112  
23767.92665  
21965.70751  
13859.96535  
9347.833651  
21008.80262  
27460.80013  
23014.8746  
76334.92984  
22093.10104  
44741.78837  
15710.55542  
21727.05947  
9524.039784  
8023.32767  
10809.61604  
11715.80554  
29380.7187  
25680.24045  
24617.91726  
48255.17549  
11301.07767  
45894.7271  
13442.16873  
27107.36577  
27999.56932  
9911.421889  
40309.79707  
27034.25256  
30099.30591  
19456.29697  
21549.50169  
67801.15067  
61801.43528  
12403.6874  
15389.31709  
13583.2265  
20041.71119  
29333.68094  
15395.73652  
34481.58414  
33522.4528  
16231.86946  
14012.48014  
9553.661822  
32612.63437  
13426.72245  
14897.70829  
25316.99887  
13457.97765  
15861.63431  
26016.17242  
15354.97082  
12909.88725  
13549.4076  
82559.77842  
7112.240345  
16968.45653  
22509.4964  
28796.07159  
125694.044  
9212.787799  
59675.99502  
40325.44047  
24751.85163  
30974.54766  
9800.559525  
13471.98618  
20638.10088  
31740.76748  
23807.62839  
9942.383851  
43655.5128  
15865.84173  
44297.64726  
17296.49455  
22882.50159  
16800.8146  
23189.65456  
10774.47509  
25796.18588  
11871.16718  
16419.6477  
29863.36719  
13028.06783  
26447.07446  
23025.64892  
18048.61124  
18168.99219  
6719.344917  
23165.32203  
18728.26401  
29853.48788  
8504.987587  
20138.99396  
10296.51334  
10177.65964  
26580.64854  
187430.3151  
30006.88789  
59958.60405  
20761.39156  
16893.78975  
11431.53808  
46695.94612  
26214.71137  
67366.24812  
11979.0342  
35557.81149  
125565.3264  
50461.82318  
16319.85129  
12010.55195  
14551.87643  
6558.841765  
15906.12213  
3961.804841  
9197.372435  
7268.316382  
10116.74143  
13991.16406  
16607.7678  
4719.468649  
10876.64255  
7568.39107  
7558.671381  
21749.45861  
19536.17031  
20890.8164  
9640.20137  
5530.132986  
19141.77151  
47144.78455  
5759.84966  
15098.2921  
27169.2573  
51116.79461  
9926.313931  
5206.144079  
3407.882218  
15439.2178  
23931.04843  
6178.748688  
3117.22937  
3794.675271  
8850.803175  
4265.712522  
7980.189477  
9127.07487  
2644.233042  
10580.28567  
6350.488419  
7198.376036  
11269.93711  
4802.545544  
2761.963819  
13435.40115  
8736.123387  
19268.89197  
11797.47659  
73072.4185  
11368.8278  
6295.822062  
2917.434633  
4402.021386  
4342.183636  
11315.43772  
12465.3991  
14247.39794  
8377.779913  
6728.611212  
6444.727454  
11807.79641  
10259.33636  
6261.445566  
5429.107945  
10442.46841  
5644.508716  
2973.310443  
26218.04497  
7609.492049  
7842.442897  
5219.327176  
8168.176973  
4164.86669  
27799.77571  
8050.512055  
9683.032868  
3170.199983  
6975.840222  
6046.127597  
4618.629107  
5787.83333  
10165.77271  
5036.228173  
4591.258703  
