-36.65321068  
-17.20475115  
-32.70325621  
20.73531975  
11.39260947  
-35.20110718  
34.7659537  
21.63670501  
14.38519447  
-5.998676925  
39.05424304  
-56.35539124  
-3.473055428  
-22.58699547  
16.29688676  
15.60173043  
25.36935978  
4.013650136  
-5.404014646  
50.20521018  
40.33490954  
-30.04108275  
-33.25080828  
106.2363941  
-72.97273754  
0.641430785  
30.64056582  
-12.60176885  
-4.676250116  
20.61848694  
212.5136192  
69.80217737  
126.2779343  
-187.1057241  
-77.10930514  
-80.68630384  
17.17109602  
155.9480632  
-40.54744009  
-302.7101955  
22.48712381  
-108.3739282  
-5.215268724  
13.69351774  
-92.35478957  
69.21877362  
3.44326559  
-2.931193914  
-65.26438672  
2.08626361  
-116.4421844  
62.48892233  
16.13901944  
-154.074474  
112.1375939  
-58.66596656  
10.91477945  
-283.1626942  
-48.78005597  
56.97510606  
231.2247885  
-93.64379872  
-74.62128304  
-8.351210889  
-121.9392724  
86.69368089  
-110.9344674  
-130.3488903  
34.95405863  
-164.2506301  
21.21875776  
25.37824328  
-98.74109117  
304.4155615  
-126.3086905  
-24.30065145  
160.7016916  
-36.01938179  
67.47410235  
-90.44876942  
46.73656592  
37.03895456  
125.0293833  
-56.98060941  
-238.9752819  
-90.85406107  
64.61463394  
149.2590102  
54.05289006  
34.56064884  
165.2879406  
-266.6869083  
22.07613616  
-5.748161802  
-144.7900549  
147.9944072  
-151.5364487  
89.7292464  
-86.97363003  
120.7998887  
-361.6430182  
152.4652841  
109.3414149  
-78.24935629  
-4.852750329  
-53.4138947  
-58.9811717  
-10.28323332  
103.6081542  
66.70300071  
-106.5763888  
-67.61192481  
-3.838444149  
91.43084217  
-61.88264502  
26.0267145  
189.4106964  
100.6851455  
88.43043729  
235.1906697  
-69.19352671  
-57.56125664  
23.14755099  
55.03561676  
358.6591895  
297.7157315  
102.0940217  
17.98227987  
35.93353895  
-102.3711758  
-132.5566715  
-147.2107701  
-230.2834738  
-53.82137726  
160.2381883  
-31.13081125  
40.79796858  
-160.4120204  
59.4287155  
90.85070368  
-216.3344199  
144.6257282  
52.48372984  
112.6673021  
58.16498032  
-126.0762419  
56.4597143  
308.8791904  
-11.18751854  
21.03586932  
-375.8357862  
-43.68798977  
-84.51565574  
-53.61452279  
147.4412208  
-323.9096961  
24.83901312  
-60.22701265  
79.7111946  
116.6310226  
-50.12677561  
90.52590282  
420.2733268  
15.96641616  
88.20058378  
-34.37343748  
-47.19863642  
-133.4047811  
74.28630514  
-0.8749297016  
17.4803105  
22.3626047  
-73.05162372  
54.5865591  
-229.0238233  
106.9142267  
20.10074354  
-97.04776113  
22.13713695  
-126.7854923  
1.414488599  
32.22666491  
-31.25086785  
-31.92171317  
-108.5115537  
30.08754146  
-57.86523705  
143.3279227  
-161.9739512  
-13.97340471  
-599.6321066  
182.4056752  
-6.830813314  
-46.93476844  
46.00469093  
83.84852326  
-254.587717  
87.05959451  
-10.61478639  
-18.82266132  
-149.3947228  
-68.62584731  
76.75601704  
-54.19762165  
62.75796852  
-132.0243691  
5.487522237  
-67.38544671  
28.29442306  
-73.06967013  
32.1019041  
-34.66399058  
112.9982524  
98.33589206  
159.0341273  
66.06127507  
-69.21770932  
-64.21770115  
-15.638297  
152.9840133  
172.8043108  
-133.635062  
24.65803155  
-40.54193436  
220.432819  
-122.7616048  
-19.87984973  
88.31243374  
-114.9906738  
25.7684256  
-11.27532385  
94.86943577  
-202.8179094  
-110.1718363  
-128.6378778  
14.71428119  
90.52942311  
-132.5334553  
-64.69670637  
70.31825521  
41.7020244  
-13.08382879  
-183.1879694  
-76.49641354  
20.74490471  
20.65617125  
9.055845868  
1.128274542  
-327.2612513  
147.1767076  
124.8661146  
-33.29220047  
20.11951342  
19.13690822  
68.17289293  
-94.37713582  
-92.66129934  
-11.45686775  
104.5364514  
32.05818607  
57.85824498  
20.54810531  
12.45005304  
-2.335440651  
-179.110837  
37.12462764  
79.2111229  
-11.48914781  
69.30313509  
-57.243721  
104.7217103  
-224.8072946  
2.373583271  
-11.72545709  
12.66233051  
-67.02084365  
-11.29111308  
-145.7043851  
122.7916314  
-89.05328795  
35.22568319  
-79.81361795  
-46.98472453  
123.8694518  
40.92986426  
15.10431194  
76.23891252  
7.991828186  
