28.01812985  
2.051553152  
-13.55979599  
-95.24629784  
23.8645872  
-27.44425141  
66.18807882  
24.9016968  
40.38300571  
-1.177573109  
12.22538842  
-9.617502667  
-1.913306949  
7.638947445  
13.73446629  
44.40849662  
29.54363169  
0.09436353603  
17.98630826  
40.87132955  
13.13072593  
-12.75841612  
-23.63408168  
117.5195524  
32.51409737  
57.9036914  
13.37387279  
-27.11211449  
37.67067135  
-16.6650435  
134.6824844  
69.15619035  
62.8960673  
-245.0835116  
4.970655923  
9.041557144  
158.4912709  
36.07830841  
-291.3242572  
-58.91569816  
-301.4540232  
-351.809409  
210.5580183  
229.1288613  
72.99011812  
-346.3272825  
-14.77774292  
203.928952  
-29.09941393  
-77.0046624  
-61.3936257  
6.494998011  
83.06810977  
-177.3797305  
101.77445  
-113.8802078  
-81.40146615  
-115.2682817  
67.89238074  
66.72903659  
86.35233135  
11.22691122  
70.25668262  
-19.02826776  
128.7483347  
121.6573474  
-225.503852  
-12.41059102  
-69.50722332  
-251.6484304  
-359.1485632  
93.97403855  
-152.3009734  
89.95712072  
-67.49657403  
-16.03280286  
165.3068816  
-17.81539636  
25.94159032  
297.5490322  
-41.16989425  
2.613607166  
147.3786537  
-187.6400374  
-159.9714112  
-30.18522154  
222.805204  
31.68815266  
-49.59539473  
184.5953105  
183.6357103  
-152.2744488  
-81.9201717  
-10.37104633  
159.8027087  
-28.69434476  
-86.63841062  
38.84751036  
-77.29818696  
84.30416452  
151.4215651  
209.7750766  
427.3319016  
-83.95468874  
88.00734936  
-21.26059577  
38.05770024  
25.07445249  
-78.35070491  
125.4241232  
-97.23236975  
27.71684355  
-12.62975346  
56.61292434  
49.20921337  
21.0475651  
270.968659  
58.18387295  
159.0206749  
165.0782755  
-72.07257777  
6.003893394  
199.9774337  
31.59092077  
351.4431527  
676.9538671  
175.4643902  
20.67694449  
-48.29987576  
-104.9363596  
-109.1784596  
-117.796309  
-55.64038196  
173.8648604  
-88.5154254  
-8.221684736  
-39.41877357  
-317.3908979  
12.07920603  
60.92280817  
1.547598908  
-1.679635758  
89.92345498  
118.0012068  
152.6213301  
-124.4458259  
61.89080223  
31.47744373  
30.16701792  
-36.92590494  
-47.36803012  
-44.54284977  
-213.7390613  
82.72310053  
-7.224495832  
-102.8299122  
223.5169237  
-37.92262785  
100.5788755  
145.9487753  
-220.5639934  
203.4586187  
255.4860498  
30.07759859  
4.154995605  
41.59719317  
-70.2090322  
-231.3999162  
214.4686379  
-176.840441  
-116.9252093  
142.3749693  
-117.0744147  
-156.2467983  
80.59307801  
-45.4602544  
-60.67852249  
-177.0324278  
-97.1324671  
0.618825632  
275.0376693  
75.52307223  
112.8918133  
160.1787774  
85.51643816  
128.9500558  
-197.6609891  
84.02547454  
-54.35149519  
-322.5712843  
-99.7748674  
15.44694444  
128.1472916  
139.5442061  
-216.1192989  
172.9810127  
-92.2322168  
154.4347259  
-23.67121091  
-44.45813443  
-133.7358398  
166.678673  
128.5026971  
-3.799566831  
47.58294654  
-52.49314102  
-38.12271406  
-34.69304738  
100.7271103  
-73.33961621  
-56.40548452  
-66.68825987  
38.62936797  
-58.92967847  
62.85465885  
-11.11767156  
12.05522857  
-96.02726166  
119.0457549  
67.2703095  
135.7317132  
-28.10395435  
-47.57693714  
-125.1020788  
102.564242  
83.55718947  
-116.2910884  
218.2321947  
-68.75129665  
5.467682573  
54.56780279  
9.911202959  
-195.7667619  
271.6937865  
-44.38780111  
26.02534578  
214.0222215  
-137.6439785  
-50.85238965  
109.2995851  
63.48864991  
35.44685535  
-162.5683713  
-24.53634087  
17.9738629  
51.30908905  
-29.35500947  
-30.06195259  
-245.9512395  
46.98313331  
111.436859  
-28.43399663  
-199.5315537  
28.90305435  
5.88937203  
-8.382679846  
-106.6868132  
-13.58884168  
-41.08954007  
-43.11358802  
30.37046237  
-31.868178  
-164.4401114  
14.10315272  
-154.7628792  
121.4628343  
204.0432249  
-133.3207309  
87.87850804  
-18.55509486  
105.3897827  
-7.347222678  
109.1353948  
59.34652781  
-16.54214429  
-61.6684585  
57.51437507  
-35.43091784  
144.2824263  
-59.77964945  
62.43398978  
-42.39248407  
-61.63476763  
232.6639701  
-65.67560109  
46.91023186  
57.72295304  
10.93465719  
