-17.74754889  
-0.3756186647  
-38.9018763  
31.77884036  
22.22643179  
-2.525133617  
53.21490673  
-13.70770743  
65.60880833  
-4.753738994  
19.69406721  
45.21011551  
-18.93520851  
-26.34244113  
25.74789139  
39.90024671  
4.547280913  
-14.96708393  
3.243732736  
32.78969235  
10.10156381  
2.776473048  
47.48098184  
73.55038695  
9.779360079  
28.23745156  
-15.77976449  
19.83777463  
7.402667291  
-7.139380871  
147.2572784  
-17.88877797  
70.1067069  
-175.9475023  
-81.41437514  
-57.02082167  
83.09896003  
96.51140042  
33.31063101  
-150.5440528  
78.91880278  
-264.8760255  
-33.55385523  
129.7946342  
-43.09857077  
19.95329206  
-30.53444623  
109.7713187  
-95.41348895  
-3.292754127  
-294.8368951  
-55.45959748  
-133.3233884  
3.667685427  
1.001608367  
-51.06574242  
-50.53757127  
-235.8374253  
8.729130952  
15.35581933  
0.7890130934  
-70.37451481  
127.5702418  
-97.148404  
85.75869698  
-1.090439488  
-130.7218793  
-36.01756403  
-81.02528184  
-9.471886125  
-260.0616746  
97.78965864  
-176.8045249  
213.4592962  
62.56068825  
-92.10569249  
125.7686669  
-35.72811846  
44.63588636  
-104.8420146  
-58.52212226  
-36.14324848  
151.0651469  
10.40455046  
-52.84339185  
22.08091713  
96.53136721  
-139.5429487  
-71.43232981  
-25.35767464  
-71.85878316  
-56.0857473  
24.45031401  
-22.82611343  
196.0213942  
7.222714333  
-123.3505715  
94.46117603  
18.2844958  
202.0117035  
8.493385193  
119.3492964  
44.89890273  
-45.94856712  
19.76711737  
-47.27255737  
54.0772888  
-72.79923453  
30.560273  
232.4883162  
-259.1780827  
-7.821055467  
21.2720346  
-65.6743441  
-59.8332508  
156.8035309  
145.525357  
132.5586955  
165.5303144  
-29.05891132  
175.4231532  
-180.5554888  
172.1275579  
130.8627424  
282.6433232  
256.199915  
84.86464006  
-13.26412927  
-59.11937917  
-21.02809754  
108.0540397  
-93.84750207  
-219.8842781  
6.656395828  
78.39031802  
-22.05628352  
-40.78630806  
-32.39600275  
67.57275686  
-58.41508601  
-16.83837786  
108.7898087  
94.94549586  
101.737647  
56.51066484  
14.09434825  
137.9213604  
95.49173259  
72.28201013  
-65.5673251  
-381.3239104  
42.43115876  
-93.5999185  
42.70744097  
-112.4173592  
-301.2190878  
73.35048673  
-19.20626746  
119.4549261  
-66.35358009  
-107.5343866  
296.7466634  
211.7768402  
19.64030455  
601.8805475  
6.997167059  
-98.61581686  
124.7680119  
7.511987395  
-47.53631615  
-109.129196  
-86.2133727  
-26.07083023  
-164.9745054  
-69.66252391  
-157.8440556  
23.28035075  
-38.90466548  
143.0599787  
-81.59248462  
-60.22324553  
56.03908182  
-13.67568805  
-85.77189388  
11.81968934  
123.5396141  
-167.9153857  
9.210666273  
-6.528414829  
-132.5543026  
-152.1825504  
-58.75303043  
17.55063937  
206.5401301  
-17.75668397  
49.26956847  
-208.1058704  
82.11306381  
392.900328  
-34.06575213  
-49.39859634  
232.1181223  
322.5202707  
-188.6401518  
-100.2942874  
24.6073582  
23.35057308  
-11.94391173  
32.69455723  
-68.07106631  
-73.81881091  
92.69796267  
9.346196034  
81.9843284  
21.24442975  
-14.4884562  
15.16471003  
-112.6049478  
86.45841333  
60.08369098  
260.0563849  
-51.30851929  
80.63977655  
-84.55325457  
48.33513395  
-17.8945343  
80.95126886  
70.77941424  
-59.99677714  
13.67571486  
35.82391697  
86.39028538  
-42.66302147  
-2.00685194  
-48.50887955  
24.49993348  
120.7581091  
-32.91941555  
-64.33610267  
28.04317173  
49.6188651  
32.5647909  
-134.7057334  
-6.809246047  
41.41164993  
179.7412281  
-47.90745177  
-1.856943627  
-262.2292253  
118.5214292  
111.8217706  
-78.66637945  
-161.1195338  
-92.05567179  
19.1898454  
1.73244215  
-91.46373279  
68.92036197  
3.974530166  
29.35646904  
-47.01566258  
-43.84409678  
-98.40078137  
59.71558996  
-46.21521238  
107.6611814  
87.37704786  
-19.07905736  
9.092385874  
-111.9285607  
28.64431214  
2.163295736  
82.47701327  
-146.3870109  
-17.7642304  
-61.86107779  
3.982897319  
-186.8696433  
83.85256104  
-88.78571423  
51.73648365  
30.32268843  
-143.919603  
78.5997277  
-30.66161409  
-0.2886851681  
63.8222268  
74.17512277  
