666.3678248  
436.1928504  
442.6364095  
6541.126496  
279.3480545  
408.5685562  
303.0702911  
842.8434415  
392.651797  
331.8445134  
464.4928278  
667.5817342  
158.4630583  
406.2555294  
285.7673056  
505.1091564  
262.565027  
888.6633582  
782.2193645  
525.0221632  
1411.213322  
740.0353286  
1129.201889  
752.2220618  
514.8799184  
296.5915108  
553.3599922  
934.728048  
274.9688021  
334.8544198  
18273.5771  
17865.16548  
13491.69876  
36581.63124  
22116.68417  
21186.52826  
42462.79305  
47004.9965  
40926.56284  
72427.73526  
40362.23095  
20649.81033  
33988.97961  
60320.74085  
38323.76691  
86025.16824  
876.4463836  
30950.97812  
27660.05384  
15600.99992  
37304.8315  
12007.80493  
29544.22942  
15338.74304  
33169.41021  
16669.61103  
17588.41713  
34113.87734  
12600.13568  
17807.67264  
26223.93635  
20758.8348  
20036.87105  
20235.34621  
44481.81533  
14051.01388  
40979.21362  
24361.82981  
18648.5784  
30451.93467  
32494.85115  
8351.448558  
31391.16345  
28497.21888  
21236.0037  
10972.30599  
19733.71736  
15804.05473  
13472.89058  
27930.126  
11135.98169  
6026.975418  
25985.30783  
13339.76821  
20457.50068  
9736.654311  
31349.61454  
28673.87995  
32890.51666  
30241.13868  
10755.97839  
12863.303  
9517.609051  
21140.98618  
21227.03167  
13125.31632  
10382.7518  
20587.14546  
27083.7325  
24354.68571  
78869.24922  
22497.1984  
47850.06081  
15943.96642  
21566.33408  
8489.759005  
8746.329633  
11571.89165  
10692.44154  
25526.8076  
21335.81749  
23589.46142  
59544.95749  
10538.04866  
41578.73321  
12742.27334  
29868.67524  
28548.96201  
9352.753839  
39735.00794  
25117.76063  
25831.48068  
20783.64979  
22342.39228  
68562.70365  
65267.11303  
12918.92338  
15105.04219  
12155.16095  
21698.38133  
32539.81271  
13676.15222  
39174.66595  
34267.51147  
16730.54845  
15364.12738  
10010.72066  
32498.64119  
14294.80802  
15664.13838  
24935.60816  
12594.55762  
17395.44111  
26284.70009  
13788.90259  
11169.90144  
13340.29684  
81684.46362  
6237.291922  
16108.77641  
21495.03743  
29334.62354  
128991.6968  
9188.221297  
62426.32562  
40352.29756  
25901.63722  
32076.52034  
9937.153768  
12979.06955  
18589.25964  
31214.61368  
22550.94232  
10573.47345  
39059.57638  
14390.0847  
48878.29787  
18007.48827  
22953.46753  
16250.52011  
23346.40723  
9863.463185  
26029.35454  
12801.14397  
16879.40079  
26085.00848  
13855.42658  
28679.53878  
23127.50702  
17978.72671  
18598.32702  
7086.572116  
21454.62053  
18597.16448  
29975.24948  
8551.578709  
21794.76185  
9642.227601  
10947.57447  
25867.41219  
149563.6797  
29501.24594  
67220.38672  
20602.08969  
14868.53652  
10987.40933  
45976.65739  
24374.3805  
68385.74841  
11003.79081  
34588.24732  
115688.1872  
48259.02459  
17016.08993  
9785.162806  
15750.79409  
6029.144874  
16725.82304  
4416.504804  
8479.445006  
8263.37343  
9624.242977  
14182.66022  
24624.86647  
3940.922536  
9922.123213  
7490.270483  
7345.410494  
22037.15344  
19420.85695  
22887.39294  
8047.416374  
5897.967593  
18647.48445  
48223.18577  
6001.853386  
15519.76577  
30292.61814  
49391.42489  
9798.71667  
5095.248995  
3562.198083  
18740.90328  
27069.73128  
6474.079918  
3043.691842  
4012.25323  
8385.403041  
3866.127164  
7252.615878  
8761.107161  
2824.62857  
10352.40236  
5851.302441  
7901.696866  
11232.90742  
4731.08728  
2420.316978  
14787.34398  
7718.388658  
18397.14046  
10900.77742  
66523.57073  
12234.09676  
6691.592723  
2936.129957  
4311.875441  
4082.713829  
12260.48597  
10937.97512  
14630.76836  
9097.237143  
6640.998285  
6385.562407  
13042.52355  
11756.78923  
6926.183091  
5158.166838  
11035.79559  
5667.473288  
3310.847175  
23557.97223  
7530.433828  
7850.098092  
5685.800259  
6946.543929  
3963.624074  
23951.43285  
7840.868751  
9670.913301  
3154.592243  
5536.701645  
5746.225859  
4516.022089  
6324.069205  
8540.651774  
4656.261298  
4451.817155  
