2.888833723  
-8.102004654  
-12.43397252  
-50.70974066  
12.48765019  
-13.64957545  
52.73228966  
-2.998247115  
-1.736594644  
-7.005036992  
21.67620805  
21.26242314  
0.3334360944  
-4.207336342  
8.738937448  
82.25569626  
17.17797691  
38.09687872  
19.47971215  
64.85380646  
43.42084246  
-2.911945435  
7.917412242  
72.86206337  
38.23223397  
47.1354093  
9.298792815  
-23.68121372  
9.479976579  
-5.761584036  
156.6826426  
-64.83227212  
123.3246833  
-276.6917845  
130.2631797  
138.5440656  
168.2098082  
193.3592993  
-146.8162296  
-388.584301  
-67.44154867  
-82.52284531  
-207.2301786  
-117.1213906  
-106.6650518  
223.3861123  
-19.58697492  
110.6303914  
-62.77398905  
-44.06627843  
-192.0085069  
75.53920303  
60.5873864  
1.393829028  
-89.34237823  
-129.4019645  
-158.3933643  
-58.89229737  
-38.61498339  
18.05482101  
215.6162635  
-39.08154899  
-37.75586435  
-12.46870126  
-25.93689185  
-4.291419592  
-136.4891809  
-148.461126  
-82.62566533  
43.04349869  
-186.6453476  
-12.84562053  
-285.5630647  
610.8951318  
-235.2224275  
-153.7341175  
109.8745275  
-297.8774933  
-52.5669652  
52.57602744  
-23.60542884  
30.90485546  
53.67749592  
-160.7022525  
-10.72971347  
30.16037001  
-117.1199489  
316.4941673  
-64.42027831  
232.7228888  
-23.61887423  
-65.12959789  
-106.3166245  
-140.7434587  
15.00587936  
6.0522185  
-141.9007418  
91.36172539  
-14.87784085  
112.7014373  
323.1564334  
5.48177102  
251.143976  
-40.19421339  
-8.220316006  
-132.5095308  
-63.48768798  
24.17114046  
-100.7355151  
184.3960844  
106.5611245  
42.38237428  
-23.11091879  
107.0312011  
-56.9746053  
-10.78840251  
69.35487579  
-5.794479464  
79.22994649  
110.4127744  
275.8839122  
-53.56302912  
68.54230253  
9.37759564  
301.2879217  
80.9222241  
52.78757743  
145.5242464  
-58.16168246  
85.90070482  
-259.0769554  
19.67599485  
-215.5869429  
-40.59671479  
-6.279294346  
-153.29379  
-111.0791317  
-587.4615815  
164.6725256  
28.95706282  
-339.2224348  
13.27798703  
40.77401369  
4.445023891  
72.68799179  
-174.7167362  
233.2197008  
114.4171098  
106.090387  
17.68575877  
44.31318268  
-180.2512928  
-53.46912785  
-136.9034171  
204.1532037  
-143.9340953  
-41.78627158  
99.77271482  
55.77411453  
-13.47757855  
42.08296975  
276.3567613  
146.1136782  
26.94379943  
-89.54644299  
-80.35891851  
106.1617524  
15.95578572  
31.40963408  
70.78631562  
-207.9421315  
-94.47521903  
-131.1422981  
-33.08282838  
25.59738673  
-136.1740873  
-12.68184753  
-400.164404  
92.77675605  
-27.49963951  
206.6443763  
-38.57906284  
-214.7646531  
1.826734768  
-4.954886782  
132.9189038  
-157.1453779  
259.1976457  
-144.8354216  
-111.6053412  
406.1423579  
178.154337  
-58.67898061  
-74.68978864  
47.1973626  
46.4061371  
-63.09479449  
86.49916753  
-138.4131403  
-105.3540844  
151.5350391  
504.3112885  
18.06784258  
109.5195195  
42.85573705  
-26.87141914  
-0.5806611122  
-126.9997985  
13.71880398  
-144.0794885  
33.63971985  
-80.52638829  
302.0500457  
170.9585717  
86.55574721  
-5.027212241  
-53.13195044  
-77.52023494  
40.06173103  
-14.93230982  
139.1684555  
-124.5945261  
-30.40599302  
119.834912  
71.07899741  
81.7594873  
-68.15735763  
147.9834271  
22.22692829  
73.79334189  
-54.29246504  
39.02218612  
-163.8876206  
-5.006028414  
0.02257708475  
34.43785395  
99.24300734  
-313.2756192  
-47.90076779  
60.61178729  
157.9966722  
-23.14111985  
-60.10849505  
88.7114633  
-25.10358934  
148.4517921  
-38.45195406  
70.08215487  
-255.533091  
7.736796328  
-135.0921565  
-5.845864006  
41.93912624  
-38.36882082  
70.1028071  
-55.89210293  
-17.32195702  
11.51453204  
60.57348007  
-148.2531493  
-96.10504072  
-116.4059724  
-235.269277  
20.1605203  
-140.7919309  
42.61123276  
194.7936316  
-101.1375225  
80.16121257  
3.708612233  
63.00945141  
21.75081307  
53.22243377  
173.0402104  
-19.5832428  
-56.25887274  
68.43627508  
-156.0400666  
-29.66176392  
-172.0929415  
38.14649442  
-46.0993682  
-76.63573541  
208.268609  
-97.06641058  
-9.279291667  
-6.289070176  
-44.58249332  
