954.5286339  
419.4502735  
396.9362874  
4095.430264  
241.3927732  
354.8181353  
388.1552737  
1062.111961  
310.2002398  
272.576612  
548.9925417  
645.0292544  
205.0235766  
560.1256648  
349.0835513  
605.0870738  
278.129894  
807.2158873  
875.3690419  
543.0903084  
1075.739635  
441.674063  
1008.293952  
755.1393409  
452.5254494  
256.2219175  
566.9341844  
853.5440126  
320.9706349  
317.4529471  
18194.79962  
17051.57232  
13489.68194  
35054.62186  
20587.00413  
19421.46083  
52042.72359  
48779.85446  
41210.57643  
76344.53408  
40723.39616  
18888.42587  
37216.10949  
63425.6839  
37893.63297  
90897.91341  
1424.85958  
29463.53522  
26828.87741  
16376.08537  
42583.66368  
11388.53956  
33141.10219  
15413.15504  
31183.39095  
16273.53201  
18442.008  
34693.5882  
12448.25175  
17102.21096  
29134.14541  
22103.65095  
19809.55046  
20700.46351  
41741.13779  
15579.81926  
43907.41445  
24372.13774  
17653.1984  
31128.61116  
33202.9031  
8099.6427  
30774.32988  
33074.58455  
19701.93776  
12784.52859  
19092.88444  
16848.30706  
15778.32181  
31774.9942  
11543.14344  
6077.569351  
23284.03866  
12245.99768  
20839.00776  
12719.20247  
39644.95459  
27466.1489  
35812.53643  
28407.30064  
9441.50051  
13072.80707  
9413.288263  
20918.57515  
22430.96268  
13011.20526  
9628.243892  
20859.82738  
23651.32317  
25890.3169  
79849.71841  
22924.37276  
45751.42632  
14498.41647  
24880.25673  
8854.625212  
8022.41969  
10803.28163  
11006.71139  
23937.81862  
23287.04483  
27425.49411  
62543.55413  
11976.86024  
44179.68382  
12787.04043  
33587.7658  
28620.10877  
8288.234231  
38611.50306  
27166.43392  
27024.11461  
20247.71131  
20255.77093  
58642.27361  
63438.35056  
11322.73129  
15673.42692  
13196.92031  
19625.98261  
32433.48478  
14834.03634  
34778.53473  
34350.76484  
17070.58117  
15424.39723  
9582.504799  
39017.78228  
15003.26128  
15507.97885  
29380.76634  
13535.2731  
16524.87471  
29109.35605  
13426.06536  
11833.88507  
12980.78785  
85095.66176  
6192.108192  
15412.6023  
22712.03599  
26329.84738  
110374.8723  
9215.773897  
61861.1384  
41579.61108  
24257.91094  
32558.24045  
10895.34976  
11718.3963  
20357.96571  
30601.61715  
25031.04531  
9166.226342  
40373.90778  
14579.26765  
53355.11483  
15982.03358  
24309.30171  
17153.0092  
23270.05912  
9532.23281  
26463.04698  
13127.16766  
17545.40633  
27798.11548  
13197.36576  
28590.54114  
27088.11115  
19821.3626  
18342.32011  
6803.073107  
22891.58414  
19136.45194  
28447.5504  
8879.865761  
20006.48202  
9868.891429  
9840.447323  
26482.71477  
154492.7672  
33299.94089  
67956.22599  
20503.15796  
15648.1569  
11520.82887  
44804.35925  
23417.32886  
71778.78265  
12410.14905  
32412.09785  
126618.9486  
52861.55538  
18350.00843  
11171.1579  
15941.19279  
6281.920934  
17119.68232  
4720.820064  
8317.297136  
7662.656975  
10403.86508  
15164.18449  
16024.62277  
4259.039462  
9798.194657  
7056.518541  
8730.289469  
21851.07899  
19045.24867  
20295.47172  
7911.407408  
5924.154292  
21597.82373  
42461.85612  
6481.572592  
15828.55339  
21355.81421  
58125.87649  
9756.992614  
4890.070743  
3331.243647  
16310.69414  
22091.31569  
7339.517875  
3200.838753  
4219.058804  
6853.918974  
3737.235519  
7495.824865  
7476.567471  
2706.848887  
8563.800683  
8047.925745  
7702.889702  
11242.66283  
5155.729566  
2611.76021  
12318.61005  
8068.925551  
18230.83828  
12065.92889  
67494.22746  
11941.73322  
7618.186169  
3137.003211  
4554.543053  
4163.22627  
12828.11685  
10894.47558  
12593.14058  
8153.37466  
6697.984103  
6655.709708  
12392.75443  
11049.11874  
7194.119174  
5408.905144  
9809.750335  
5951.571798  
3652.740401  
26006.72897  
7702.212855  
8116.984634  
5035.22057  
6839.642308  
4635.769228  
24558.59991  
7582.244817  
10046.98541  
3199.035442  
6348.041327  
5915.684541  
4442.18467  
6684.332411  
8832.560408  
4549.103367  
4298.674682  
