654.1146345  
403.2735905  
395.9655857  
2941.658128  
236.8288559  
416.3066619  
302.7852593  
817.2424161  
456.147761  
372.9156683  
514.8580663  
478.6238447  
162.9504484  
528.7034445  
263.7982971  
735.1510755  
250.2763278  
627.9278982  
762.0952675  
525.7023648  
1628.404866  
551.8844437  
963.0494956  
735.4745056  
653.6651776  
267.6571202  
626.4746082  
834.6542807  
380.3473834  
453.861899  
19894.21217  
16473.82465  
13131.21906  
34001.21427  
23483.3547  
20167.06318  
42409.37766  
51173.2814  
42517.19802  
71079.04519  
41362.31185  
19136.01831  
38254.28009  
58449.22143  
44716.10244  
90726.04262  
896.0026401  
29058.92507  
30471.39202  
16769.2921  
36485.4037  
11834.52189  
36545.44384  
16121.36137  
33371.27297  
15744.24695  
19685.45844  
36355.52294  
14245.61216  
17170.87293  
27785.51742  
20045.13666  
21602.91804  
23613.33299  
42612.02264  
16115.75981  
45225.02003  
25035.68317  
19531.81489  
33455.40365  
32020.67988  
8595.792411  
31884.4664  
31681.43547  
21869.88702  
11260.49824  
20462.71539  
16833.18182  
14322.04881  
32110.00127  
12260.83917  
5749.064648  
25631.36608  
12376.14588  
20841.94518  
10718.22606  
34824.27286  
26184.93021  
35885.94137  
28159.51775  
10097.40683  
13346.14511  
9801.030173  
22765.22123  
21490.72026  
13951.84407  
9816.410163  
20994.53671  
27681.11493  
24712.27779  
76027.60956  
21259.87819  
48274.5603  
15389.91993  
22215.52105  
8877.053903  
8079.775252  
11456.84887  
10066.50661  
25457.95803  
21606.39032  
23983.62866  
56733.2859  
10524.41353  
43598.69341  
12488.53908  
29199.40599  
28222.50177  
10320.17324  
39968.3083  
30045.06812  
24487.8741  
19603.11055  
23070.53676  
57025.96126  
60945.42941  
12760.0273  
15018.53292  
13764.59139  
20577.95619  
32499.05697  
13585.48888  
39268.87614  
37029.68116  
15225.50156  
14432.02867  
9205.866315  
33429.29722  
12763.34997  
14961.43166  
23819.46513  
13459.4855  
16985.4364  
25865.5902  
13791.72904  
12204.85151  
14069.85119  
84746.78577  
6495.026209  
18154.2566  
21567.77157  
30000.62119  
131409.9664  
10052.97356  
53207.02953  
42584.63773  
27654.09292  
29222.52529  
9247.300149  
12383.16733  
19232.27052  
35601.32465  
25522.17616  
10111.33965  
38893.80715  
14710.08202  
42253.9813  
18219.90618  
22467.85315  
16843.7854  
25901.43579  
9573.477522  
26265.85206  
12031.08085  
17184.49623  
24587.61367  
11973.16893  
26128.74629  
23355.02779  
18148.57754  
19116.4653  
6985.23119  
20709.38452  
19855.77415  
32609.9408  
8924.642535  
21509.20596  
10740.05002  
10648.45654  
28572.00365  
194208.4468  
29707.92914  
65655.85202  
19999.21823  
16028.44094  
11441.63024  
44921.93378  
24491.15644  
73394.25797  
11773.61245  
38105.44434  
129740.8941  
52257.20006  
18617.0828  
10225.7299  
14731.83663  
5956.236371  
17590.78406  
4379.770407  
9397.786457  
7652.780537  
10156.66622  
13789.43219  
20725.58666  
4820.277199  
11116.30449  
6953.903873  
8228.266965  
23989.03912  
18121.49945  
19937.94634  
8732.761335  
5724.773398  
20199.4221  
52390.57475  
6138.112873  
17263.6522  
28447.15615  
51798.89873  
10037.83455  
4767.061905  
3218.569067  
16373.46298  
23689.03167  
7574.095478  
3545.576269  
3993.03096  
7946.508878  
4481.708992  
7433.323869  
8939.969109  
2901.569079  
7954.4045  
6933.947223  
7405.982868  
11430.89197  
4409.37859  
2443.20307  
13565.97024  
9122.669103  
20062.16176  
12926.97865  
63498.57337  
13363.23574  
7299.592599  
3568.490512  
4510.035272  
4329.397401  
11481.81358  
10971.23341  
12838.03925  
7924.670329  
7034.362892  
6564.718549  
11102.66609  
10843.29053  
6629.674848  
5440.835925  
10308.91285  
5922.690333  
3434.151788  
23284.71226  
8142.311275  
7382.294503  
5283.474039  
6409.210782  
4188.801015  
26031.57685  
7621.065059  
10099.53849  
3041.811398  
6241.681976  
5646.755132  
4237.151635  
6541.441845  
9810.401908  
4956.419842  
4680.655363  
