21.85631108  
-26.2278895  
-12.85418303  
-69.62961313  
88.77961105  
-41.51996679  
-31.21255082  
-19.0440208  
-46.03894635  
20.16877336  
-4.248525028  
0.845427148  
34.06197793  
50.64750532  
-54.35533249  
44.1267909  
-23.33801858  
30.89480841  
6.453990555  
-21.54008668  
-76.96342022  
-44.62467256  
-21.72546834  
21.17618519  
4.004917018  
-21.01088159  
-10.57007873  
5.33126231  
-30.81929059  
24.57889027  
144.6510965  
-323.2015773  
313.6425628  
34.41026359  
-181.9592325  
-505.5038812  
373.9850047  
-498.9335849  
-358.9882627  
196.4201787  
-75.77254201  
160.7076517  
24.72933016  
-257.0019693  
104.1752432  
-535.8209624  
-23.03911063  
-120.5879528  
36.36710785  
6.11750696  
26.83334687  
-178.256859  
-122.3480174  
63.16218646  
512.9516312  
140.1268406  
99.43157504  
139.6000138  
129.1777974  
-283.341314  
-32.72224609  
137.1735706  
45.92382733  
170.7969493  
-140.6428211  
63.28205026  
-72.04544059  
556.1875367  
60.97807641  
6.754441198  
-258.6047458  
-430.9677172  
-123.2603824  
-170.9657888  
79.84362306  
19.74204456  
-67.45448182  
304.8096983  
-262.9420998  
460.9125291  
-195.3928971  
-268.9402533  
267.3754147  
448.0740565  
-116.0325933  
-83.10693672  
-58.77651966  
85.32204104  
140.279037  
-38.90662557  
140.3959089  
-34.35249778  
173.9882929  
-206.567067  
3.165845263  
130.1422891  
218.4771672  
488.6264763  
-212.6290296  
-35.99196695  
-81.94196303  
-216.3391747  
412.3180814  
-119.3342693  
-179.3545144  
125.6002602  
306.185657  
7.516114751  
133.4449035  
73.70715582  
-286.7428889  
-7.05630457  
-331.0372136  
121.7443214  
133.6938445  
-2.239375401  
-106.5500059  
-302.1060125  
-39.7870989  
-451.3187445  
-166.9023472  
6.008363787  
359.9586193  
-26.56847116  
108.2318611  
423.9504106  
-81.37270172  
175.8013233  
-123.2550897  
-1.836344568  
282.369756  
213.3572354  
-65.47621599  
202.319307  
96.62058767  
-61.06862145  
-272.8101762  
-123.4256852  
-168.797457  
-71.2911665  
89.10901934  
125.4595078  
-43.98468203  
209.2759223  
46.41233399  
113.7308357  
293.6793048  
-303.3526302  
87.88227748  
-238.4311559  
296.6488752  
-65.76128558  
-121.0848602  
311.9039563  
-293.8357662  
-195.8785732  
151.8377822  
95.59401799  
196.168069  
9.039498123  
-484.9942639  
-117.3980422  
-258.2995713  
110.464567  
-70.0734031  
-28.73781966  
105.5473163  
-137.3939942  
602.8257651  
145.1485913  
296.7924298  
-316.4832886  
-118.8692659  
10.39346942  
-275.991254  
-16.65294998  
162.2714236  
33.56897583  
214.9061931  
136.4426108  
119.3089701  
-215.4520316  
276.0819435  
316.2088477  
206.0975319  
370.562035  
-10.11219511  
105.8687796  
-38.99254621  
20.06722867  
-655.7191269  
-591.9015485  
420.0065075  
84.44214552  
-168.5406562  
9.281361629  
235.461939  
7.661589837  
121.0029263  
-16.78055162  
91.83660618  
203.1860289  
-90.3071121  
93.78522903  
-151.8153521  
-34.41969599  
-101.7772686  
-25.45783738  
300.667885  
71.45776543  
204.2293465  
35.68017891  
-208.8627551  
-202.2253512  
157.0802187  
-82.16221882  
-59.2765041  
-34.28944503  
78.80439555  
-12.76084433  
-46.0751995  
222.6890018  
183.1064447  
320.236919  
-408.6677854  
-3.536841043  
215.1305082  
-93.92810154  
161.9431031  
-331.3562718  
-213.5874558  
60.83218187  
69.01264576  
159.6064344  
222.058473  
-30.50022762  
280.2198327  
-270.5382808  
94.45779541  
-24.10898479  
-135.5903649  
-26.9457431  
-136.1867515  
-169.0923319  
14.71004481  
-53.51757114  
203.9857108  
-29.58160474  
98.3370516  
251.9706441  
-19.29566351  
-154.575024  
-600.3345762  
-236.0676393  
-133.2919983  
-21.6121934  
15.49790558  
-42.27652963  
-130.7430446  
22.84496291  
54.64574321  
248.500993  
336.9848034  
147.940222  
-146.4884844  
435.0910562  
11.5693934  
-57.47031044  
-468.4412106  
343.8327121  
209.0906085  
137.1940507  
318.0452877  
-176.6239106  
-339.1699279  
-15.42067356  
-147.4250526  
-596.9104314  
-309.9279181  
-101.9636086  
-121.4655164  
388.3325587  
225.3092026  
400.1450492  
47.31690223  
123.6797664  
140.1791715  
39.05442307  
