84.9948415  
55.56497549  
-52.19548485  
-121.6124135  
85.4570483  
18.03562816  
-75.31463414  
40.84639712  
-46.7106689  
28.09238289  
-24.42126581  
-50.20376522  
56.09541104  
50.73693272  
-40.94065975  
-13.7754325  
-92.91496421  
41.37448437  
96.76263759  
5.418215642  
-115.2056186  
-95.84993007  
-28.69427845  
14.66297452  
17.48917475  
89.55329802  
67.48028953  
62.3701677  
-14.14299402  
-7.997888064  
-52.80962091  
-269.5839879  
261.0606449  
-27.66545248  
342.6895285  
-254.5830411  
969.2740984  
-543.0247957  
-1015.897128  
-225.8316589  
-122.4669264  
-160.2436503  
298.5288746  
-299.3524673  
121.7528555  
-361.6995962  
-112.6108055  
117.1171355  
38.52424171  
-227.3077169  
-41.16350029  
-350.6116974  
226.6716487  
139.0946771  
837.7766301  
290.2077047  
-138.7766367  
259.2855409  
26.51511933  
-65.07979059  
-68.27104553  
-101.4807749  
58.38177561  
-216.9399462  
-104.0562707  
-351.6308762  
-259.8843926  
575.0536273  
18.73850256  
-261.6899728  
92.01186141  
-581.8993905  
-30.00653569  
-126.9730868  
-213.275506  
83.33970823  
-149.9635874  
611.7171459  
-284.1867567  
432.3106788  
-1.528035959  
45.5106149  
-35.79524487  
263.2199224  
-286.8089102  
-116.932268  
468.6201205  
361.5913456  
354.9775735  
-62.29377222  
200.1032478  
151.252869  
7.619026268  
-250.0825553  
-22.30199632  
310.8857493  
89.84716777  
321.0709233  
-86.8588603  
432.3260687  
150.835436  
-402.3301488  
189.6597725  
-49.64375419  
88.21280243  
68.32067469  
436.6287577  
40.10963314  
-44.00238926  
-100.1439998  
-77.67492501  
-266.076583  
-64.2688413  
121.9020672  
-183.7895049  
-105.7106673  
-477.4620208  
-496.3377769  
-96.75251865  
-324.0356089  
-22.3826593  
284.6988811  
320.6441454  
-191.7175672  
134.2759107  
671.179691  
-26.74759182  
231.1659661  
-266.1833106  
-60.61762206  
292.0147786  
68.39742697  
143.8715653  
249.9583416  
103.5526246  
-107.5109854  
-547.7246782  
-201.0466397  
-104.8137991  
35.14234918  
39.12891061  
-113.6290332  
197.1212627  
148.768601  
135.9513018  
142.3717081  
429.7970036  
66.09970976  
177.3882654  
-252.6499133  
108.9892027  
161.3634573  
-100.0235674  
163.9300209  
-118.0293877  
-251.9480074  
-47.2656224  
55.89757314  
300.1992842  
-44.31471621  
-895.63428  
101.8997227  
115.6076505  
150.4226873  
-97.64281111  
-265.7726829  
-608.5919761  
-227.0559478  
458.2889167  
146.9259514  
1119.287549  
-533.7333198  
-97.53273598  
85.40641076  
288.7441783  
206.4946811  
144.71099  
625.5760028  
-4.064208106  
5.13512319  
152.4140566  
-388.4135039  
140.48308  
262.172312  
-101.4589937  
-190.4501331  
293.0692944  
163.5724129  
110.0004202  
155.2244963  
-957.5120096  
433.3448111  
425.1777588  
153.7352843  
-519.6030878  
208.4285196  
-226.3570029  
-28.90845655  
253.0567847  
228.8558425  
21.63380462  
622.5868544  
44.7617241  
-228.5561771  
-110.6717972  
-311.9096748  
9.751473045  
-97.8877064  
168.9638444  
-11.27264343  
141.1417198  
41.77945752  
-150.9158468  
-335.192862  
125.147236  
-157.3297343  
96.67411178  
-164.2365738  
309.8254109  
101.6248152  
-62.76617111  
223.6840117  
277.2547326  
596.5771466  
875.5286703  
-86.3956508  
176.8892148  
193.1633436  
435.8486262  
-359.7379537  
-258.927204  
-55.33264222  
558.739929  
-215.4311835  
4.197645024  
-99.94741053  
217.6041415  
-567.2570445  
-19.57311731  
7.286577002  
-841.9579694  
32.55887383  
6.199628421  
-215.448592  
167.2982391  
-47.24763659  
-56.41456214  
-19.19640596  
-478.3090478  
31.9291079  
-222.6154243  
-1.910227057  
-529.3531706  
-277.6888377  
-140.4999507  
-80.51450682  
-275.3998581  
-76.14530495  
-263.9438502  
269.5684678  
189.3320515  
-54.37663533  
108.2784338  
167.8668135  
307.2688392  
1002.045137  
482.1850096  
203.1725724  
-153.8679781  
287.5263098  
15.66355436  
459.7377165  
212.9414239  
-238.9028114  
-280.0297685  
181.7573887  
-117.7575227  
-556.7087175  
-23.34041366  
91.53093164  
-5.955414602  
-85.88972748  
437.9478993  
91.09722099  
-304.1790523  
135.4781234  
-54.66254358  
58.54220871  
