2547.836055  
3424.785704  
4816.077502  
14594.52084  
2591.39672  
1281.841008  
2365.53777  
2978.041592  
4235.278662  
1509.357938  
1926.899353  
7594.937104  
1227.204138  
1740.714876  
1780.289384  
2059.110418  
1467.001017  
2144.919877  
10503.52487  
1623.800547  
3641.285929  
5218.895722  
1469.727443  
3155.705683  
4593.597316  
1955.712825  
2451.926241  
4328.195298  
3115.830314  
3720.40624  
62090.83323  
65441.87885  
97675.92522  
193528.6377  
104474.9086  
138534.4614  
235117.8467  
315594.6097  
249993.7011  
285496.0545  
183293.8625  
58896.67185  
150696.1281  
167588.5057  
182031.0465  
128173.8941  
9814.666985  
161458.3339  
138307.5004  
64981.26738  
230689.6968  
120961.6816  
295984.785  
33177.14613  
197649.3972  
90265.36992  
45004.11076  
190375.8198  
100774.3015  
109757.5761  
78874.54791  
93890.89302  
161077.2702  
174708.5997  
96528.30765  
93670.66747  
180509.6151  
120250.022  
115647.7628  
123490.3859  
121396.0138  
57184.34754  
147842.5893  
75571.46498  
47902.91396  
87290.2916  
97784.90248  
192594.2637  
119032.4816  
85097.78276  
97069.92469  
62363.99569  
69434.60162  
153665.6084  
56063.17734  
84753.01448  
257834.8228  
194005.85  
143293.1056  
146388.2501  
27520.89452  
66294.52288  
31863.48341  
154499.6983  
118905.187  
69101.18597  
84477.30215  
94510.0041  
245185.6989  
157395.06  
287396.1502  
153650.4121  
192417.483  
52403.92386  
102150.982  
59286.0714  
62280.41479  
46304.39261  
70980.90259  
83218.09053  
214027.3498  
178455.5474  
298293.8525  
46101.87624  
149236.184  
63354.65614  
100373.9081  
121128.7817  
60112.10017  
566817.7993  
123470.8749  
77385.48728  
143722.398  
83576.72405  
235611.2607  
519446.3435  
52636.97753  
69087.1933  
64328.19911  
59404.55459  
82164.78182  
88514.42231  
136874.3836  
158264.5032  
164498.2959  
38383.86828  
63501.8889  
84030.75675  
142546.2466  
33941.7662  
76695.47072  
48957.8159  
106264.4204  
237601.6675  
61544.02718  
47373.05513  
73666.9875  
337766.5788  
39877.49551  
37369.3333  
72129.51959  
104032.8658  
369243.9696  
62212.34849  
223090.7802  
149277.6249  
196021.1093  
280092.3531  
60117.35502  
54525.00689  
194311.9051  
167745.2113  
77207.48672  
76826.53758  
116567.2648  
111840.9907  
164123.5071  
57790.23057  
64969.54306  
49928.63098  
267977.7271  
57970.48545  
71412.33828  
144842.951  
82139.82042  
123663.5034  
92243.71716  
166760.4449  
146013.0352  
56723.86546  
52931.92501  
40219.04535  
166355.1558  
59209.26574  
90359.04782  
42980.2173  
114154.8458  
121738.4764  
41219.80214  
175939.7036  
1191654.053  
367085.1545  
512461.8209  
91445.92588  
153518.6376  
59173.89877  
455028.9854  
95060.2916  
423086.8228  
41039.51621  
131158.3941  
326744.6991  
116683.6921  
97380.28761  
83883.4519  
116925.8051  
58994.8012  
124342.5502  
33528.46116  
116143.6908  
18814.71001  
17498.49592  
69381.92122  
265095.0345  
38194.14549  
96458.92578  
61838.61582  
29938.19379  
141912.3845  
105870.132  
38528.16077  
87082.09548  
57554.12203  
252111.9243  
369894.5785  
117078.7921  
292232.7682  
250491.6169  
448624.7057  
78310.47609  
112322.9767  
38116.32201  
267941.0796  
403493.1358  
53903.74735  
16330.53561  
190627.8281  
177825.7041  
14908.36863  
30742.60405  
69458.60081  
37122.61672  
299830.7248  
101596.5162  
115063.0042  
350357.109  
81696.47391  
16414.74845  
310838.5036  
42815.07016  
123492.8623  
89087.24408  
824160.6156  
165322.6594  
103066.2602  
26956.96474  
51057.79676  
19060.41896  
55805.83229  
58097.43717  
31856.46955  
173197.017  
27294.22005  
31521.12741  
122936.276  
357542.6548  
193158.3554  
62763.3082  
210440.0132  
67589.59693  
16562.7707  
137068.4616  
38940.70201  
51960.18834  
36713.70927  
91788.40047  
35548.60783  
464826.6321  
33583.15414  
43403.91304  
11780.11104  
32969.22614  
58778.89912  
45672.52731  
93027.21321  
26468.44916  
36425.12556  
14022.31508  
