-14.38935915  
-15.02019827  
12.83274644  
53.68885124  
22.42303823  
-2.931387435  
-9.218880076  
24.86919879  
12.64510791  
20.49977028  
23.27168333  
5.090958766  
6.500310201  
18.01100945  
0.7689491892  
5.968477481  
7.739380801  
19.6742611  
37.17498666  
23.068497  
3.175898898  
-21.79877343  
-7.94250695  
16.19102019  
-23.15757315  
-14.06375784  
39.70083497  
14.5448044  
37.89818049  
-13.23064334  
-28.85272261  
-43.86778334  
141.371209  
-241.0743826  
-323.2353731  
70.94030432  
-119.2604769  
315.2505435  
50.93036037  
-295.782775  
120.4769416  
150.1699844  
241.8607493  
30.27690946  
481.6957815  
307.8056583  
3.11501749  
92.27570086  
218.5275247  
-58.83285146  
169.6916628  
322.0921544  
285.2894993  
-94.58483138  
46.89723113  
19.59683739  
272.4726128  
89.77439667  
281.2671368  
211.9037375  
-122.602801  
-6.643650522  
86.53862715  
264.3902219  
267.2948199  
58.08718189  
-170.3161355  
97.02048216  
41.45344636  
86.8640678  
-7.571517954  
0.1697361887  
-29.25673097  
220.9059779  
-11.32222557  
23.13067214  
-5.339994802  
180.4214004  
108.3239125  
275.1583261  
-71.7123713  
54.44064481  
-126.0670992  
0.1949763161  
216.0556805  
252.3336586  
145.5478647  
142.9274955  
-18.66991586  
-114.6250085  
91.88941956  
147.7525251  
27.69272032  
-11.78385216  
-151.7611338  
70.35961825  
128.1521486  
241.5360988  
-20.89186338  
54.21917408  
-20.14229728  
76.45741924  
104.1535467  
68.57958798  
259.7645772  
-95.3284746  
129.6597417  
101.2889074  
128.3153325  
-49.13916217  
78.12613425  
78.63628888  
-267.4442219  
540.5293661  
-329.0830554  
140.2590879  
-74.95530828  
-28.01513952  
-100.9559764  
-175.5694771  
-129.0040221  
182.6460327  
-40.40299643  
-156.5426013  
-59.05451002  
-46.22802483  
20.43529888  
-60.06454338  
100.4150154  
-3.283892789  
-48.36570742  
154.4598705  
-150.547641  
125.3337628  
166.1715623  
119.2799884  
-92.05203438  
35.95803159  
158.146521  
-33.14102935  
75.85572209  
-15.83668101  
175.4426464  
23.12417447  
-53.56158288  
35.33851834  
94.66523904  
138.3925387  
16.33588338  
127.7077195  
36.19547023  
64.87261004  
13.54043401  
2.282863346  
-37.19011427  
244.0652389  
-85.6704863  
-19.47673254  
205.4975  
82.05091593  
50.99328482  
67.62271343  
205.1940295  
29.7614893  
62.9237816  
100.053874  
-358.5780732  
-16.99843594  
139.5326955  
-53.96807965  
130.0157439  
38.14813787  
-87.08577043  
102.9491511  
128.0174139  
82.36450838  
-56.4583726  
-75.4466061  
-11.05085766  
71.18104919  
-93.68244753  
165.8234781  
15.86473378  
-30.72366668  
50.02018971  
257.6557322  
-46.54622997  
-50.29647636  
-80.47297649  
79.64737174  
-200.9084103  
183.1704344  
479.490783  
137.3223778  
-163.9967603  
42.83383149  
131.8472211  
-106.1942627  
-71.54148969  
87.53359078  
30.99055438  
176.2508667  
-196.8020331  
612.8385642  
365.7501368  
35.67261454  
60.20725009  
50.2871159  
249.2082524  
82.30418067  
96.72376375  
27.14189347  
-215.3932315  
-165.9679594  
32.0396666  
-18.92434577  
-190.3351008  
241.5305507  
-40.78554393  
72.65432428  
56.51940505  
-164.6569205  
215.1432171  
47.91030791  
-9.658041608  
-269.2859989  
42.7232548  
-47.12749632  
204.6517374  
-25.36687504  
-17.86053141  
139.1178167  
316.7247632  
209.8188861  
171.9770255  
20.00882238  
78.27409527  
203.4467858  
-14.77362518  
34.73265849  
-247.9976666  
17.79309756  
87.25394924  
57.94364347  
8.429625703  
-271.8605228  
43.33930461  
-60.6431435  
158.2369492  
267.7724161  
97.87773532  
94.00633573  
-13.02788956  
-181.9022632  
64.38345418  
26.49285712  
-62.96013684  
160.4628914  
-3.932812157  
92.54037364  
36.93884824  
-179.7967225  
76.79401675  
233.3909096  
21.76172403  
90.94654551  
-73.82596986  
54.15195826  
76.17411458  
367.6860902  
31.84354758  
90.26587223  
-6.68851133  
-35.04967422  
143.3254723  
61.53935254  
36.13282952  
-55.28554545  
84.18862419  
-37.02042733  
128.3811685  
1.870257943  
33.22347645  
136.4082608  
-71.46560209  
35.38578708  
-20.37910484  
105.523411  
