18.09724954  
-24.95279413  
0.5562886714  
41.03993126  
13.68022224  
-7.421151115  
-9.672714367  
11.95894129  
0.2820003501  
-7.062425474  
28.90726754  
22.14178863  
-6.877810459  
2.547966324  
-11.93684291  
-22.88495074  
-0.08312791536  
-4.518536929  
-35.95992693  
19.43068127  
-5.993152018  
3.736398412  
15.88972793  
-0.5043738103  
-24.42258828  
12.19697271  
3.136831515  
32.4673845  
-4.636751579  
-6.658520564  
-78.20588198  
45.23645868  
115.4889747  
-224.7439618  
-105.4125991  
78.89749597  
226.309143  
103.2886596  
204.8638715  
-76.41476824  
-299.3189886  
7.066083307  
-168.0325031  
-180.952233  
31.0137171  
-360.0409498  
-28.68323051  
-5.128047295  
146.0277196  
-102.4040445  
-233.4597344  
-182.014804  
28.05532435  
35.94466264  
-136.4134799  
-285.191177  
-161.7067202  
-153.8103997  
-397.5293213  
-56.95825889  
81.00168296  
-16.97839045  
-171.7182053  
68.53918519  
175.1320246  
-45.68292525  
-84.81134296  
-219.7229984  
53.50276268  
-51.30369587  
76.45540632  
-125.7308108  
-110.0357809  
-283.1323269  
-62.47251241  
-21.55665656  
225.4743244  
107.3017244  
83.75264475  
-33.65799625  
135.3425543  
-56.09219413  
69.79111023  
-185.8168544  
64.85868318  
-81.50636009  
12.82461342  
14.5999068  
-85.41096986  
-31.95261072  
240.1346187  
-171.3886796  
78.50724468  
86.64741551  
-82.42730905  
20.08714959  
-168.6273575  
-161.9469843  
40.08972754  
-260.3256081  
20.7913976  
45.06157562  
-173.5719297  
-10.69778036  
-196.8096021  
24.67280033  
-161.7016665  
130.0426405  
17.07520991  
-106.217157  
-98.2232421  
-47.62851553  
-216.1236619  
-75.44645806  
-96.47811321  
9.812880127  
-11.66605324  
142.2818804  
-52.76687196  
-58.39822285  
-73.99565232  
-213.9018836  
64.71341231  
41.9471501  
45.7426535  
111.62342  
-11.01544467  
-59.61972912  
-160.321726  
-13.93382911  
-263.9434179  
-32.32042158  
-81.14032604  
-202.8167215  
129.934449  
-157.1849848  
-78.20781489  
-31.64400239  
-178.0730473  
22.45786934  
-208.0045545  
115.0329526  
-39.4868835  
-213.0737432  
-13.79209555  
-139.1120328  
-156.9218326  
218.0317627  
101.7452257  
-275.3536291  
151.1301162  
7.099444698  
-137.6463766  
-154.4429251  
-28.00829898  
49.19662385  
74.61912636  
-109.1089216  
-204.8529682  
44.39342294  
-43.06300659  
185.9441443  
-125.1886279  
-204.6573025  
-182.0943235  
-12.82385765  
72.39956817  
-92.51872452  
-84.53211674  
9.134488401  
-153.5583489  
-8.06586019  
7.97985339  
160.467559  
38.04911238  
-52.87621017  
-41.09446316  
19.15747973  
68.62373705  
-112.4641214  
-162.0949733  
-51.00332833  
181.1826976  
-121.4113652  
-8.815994985  
45.72969781  
-238.9721356  
-40.00529799  
-135.0017531  
-76.57795219  
-47.52189691  
53.61159956  
-26.15011549  
-81.90697834  
108.9440685  
-68.90199467  
-169.6859354  
60.54362695  
-18.10915079  
-67.75086126  
-75.29903349  
-162.042582  
-122.4648853  
-64.45598237  
-79.78756606  
-45.470917  
12.47261711  
262.3585939  
-14.49848681  
-63.7773104  
-72.79806095  
-19.02900586  
-155.2958982  
-144.6755763  
-174.5841905  
-4.631501536  
-172.6042465  
-163.0267845  
-113.6885869  
103.7654421  
88.07236431  
-56.92330013  
-137.9588866  
-172.0805126  
9.99371542  
-109.9801976  
17.00394042  
132.5964  
-67.54750091  
-162.9200849  
-171.1965165  
-13.29455299  
-213.8246155  
-222.5194278  
-103.4787693  
-51.16311082  
-33.71418971  
10.77111918  
-102.8008216  
-84.78888883  
179.8639996  
121.598674  
-310.6869147  
-7.634673116  
-179.5591558  
8.571429453  
-81.9141768  
101.7458839  
-292.2625257  
55.13699888  
24.19746629  
-179.0537191  
-139.5383501  
150.7884467  
98.91766324  
-107.570945  
-134.7338164  
-93.6533685  
-107.9289048  
-19.26820035  
-71.44809029  
-36.90316099  
-119.1045666  
-173.9115897  
-9.106078056  
-125.7090005  
-31.52064919  
-174.6218287  
-29.19381985  
-308.2986777  
-29.85585004  
5.762870924  
-143.8115626  
-163.8828286  
88.73692639  
-63.60701782  
-22.46628266  
6.648807826  
-100.9736385  
13.10562207  
13.24451482  
-294.4595648  
-84.77949317  
-41.36154806  
-200.1777011  
271.2045063  
-146.4737485  
107.8811035  
