556.7319145  
402.1083188  
285.7096867  
3059.073592  
249.1445656  
232.0034093  
387.0639813  
536.2782233  
382.4987222  
336.6312704  
323.4617142  
601.074465  
314.1318073  
559.7933597  
381.9739336  
711.2798866  
290.9387645  
347.935004  
1197.953066  
270.415  
786.894971  
472.1088547  
412.8080942  
698.3654451  
517.3515678  
329.7430865  
470.1255537  
507.6519998  
564.5902737  
362.1417075  
63791.97988  
78279.45086  
104552.2687  
279831.5317  
78437.80148  
75963.24465  
125684.555  
101487.8557  
82707.34754  
119507.6641  
67993.46211  
75905.79074  
94988.15641  
106946.1153  
135477.0995  
123276.2945  
8696.535264  
59410.73566  
57939.32313  
25729.03992  
148694.6104  
22855.55225  
70823.57406  
25960.38326  
70030.52738  
69318.37559  
66668.35273  
88043.81715  
91761.2857  
58771.05598  
50609.98914  
72017.57578  
80550.49488  
89747.75121  
29690.9402  
35680.9417  
73931.09258  
64837.31477  
30884.80037  
34004.99074  
31084.3452  
24391.26328  
78978.12922  
78364.33687  
23202.31616  
26384.28271  
31860.52422  
42867.17945  
38618.31906  
28719.28844  
28403.21062  
35041.2759  
24459.20318  
28077.36979  
33942.07191  
33062.52676  
33885.31727  
66236.22613  
28734.14551  
24201.43658  
32504.79199  
26001.897  
28294.57938  
31330.67002  
32278.07109  
23324.6652  
26713.13354  
28158.0101  
27312.80479  
29659.18664  
49829.32887  
40860.17051  
43614.82818  
20426.89347  
27698.73939  
25992.42549  
28692.83445  
31423.98857  
27436.10193  
36787.99639  
47455.07299  
26560.81313  
84148.23656  
37403.19668  
33941.38756  
27865.55027  
28295.28789  
30646.5299  
23813.34029  
61758.77332  
31155.68461  
35082.96965  
38752.1818  
30878.42893  
64350.96949  
58299.71113  
25233.05965  
26067.22152  
28718.03299  
25730.31225  
30218.64784  
28060.73189  
29329.94623  
27296.37613  
41282.31812  
24899.6615  
23830.31818  
27338.93115  
29865.95469  
24359.26302  
35339.06742  
22457.86917  
32439.02838  
50011.13561  
31121.96668  
28841.01711  
24498.20755  
111808.9497  
34041.03371  
29996.60031  
31634.52365  
33323.9398  
115652.8771  
26269.91918  
41511.86441  
95243.68375  
41771.83303  
41049.74336  
29067.31893  
47073.42156  
37103.72914  
39244.40799  
22939.4213  
35519.78131  
30944.05141  
33168.18613  
51894.0959  
25955.438  
25403.81475  
33157.42443  
44475.23693  
25259.38049  
29450.36693  
25436.23035  
27555.64289  
34129.75436  
22794.44321  
30253.75008  
34514.40307  
25855.98687  
24211.42793  
16759.94631  
44087.21914  
26730.20105  
32321.32426  
21236.5082  
33461.71895  
36696.44914  
20857.55488  
39069.32621  
139984.4485  
67343.22926  
119430.4509  
38134.11234  
39285.12955  
20983.94462  
89398.11105  
34887.17271  
60645.14871  
24228.01436  
24693.68459  
65984.64754  
64527.99066  
42412.27012  
48889.62105  
38828.93344  
24633.05571  
67185.60906  
24308.27727  
40209.17496  
25967.27246  
29322.13521  
57619.72063  
25291.78895  
56823.06838  
34368.85053  
53157.20191  
22747.1571  
31684.38582  
79978.69258  
43402.88352  
37161.64234  
27833.68431  
28003.53432  
69109.92508  
22352.84888  
26812.03519  
71283.82844  
57774.26594  
25516.54421  
18498.43462  
19645.52799  
65588.49059  
44755.21631  
24355.33773  
20789.50745  
13961.29007  
45028.56432  
21268.85235  
25167.85086  
57616.11865  
19336.23573  
42202.1498  
25404.41755  
20547.14444  
35891.54783  
30614.46467  
26671.75439  
33394.40461  
39803.59461  
26897.09424  
32713.37694  
31424.46152  
35011.80957  
21785.88278  
18431.97502  
22304.4909  
27694.18045  
34575.01504  
24161.21526  
34568.9868  
37473.17399  
37447.973  
22685.77291  
31996.53807  
26306.66486  
29284.78619  
23432.37889  
25649.60814  
28291.44753  
18058.97628  
39071.86229  
30417.21475  
35960.45062  
40095.34951  
35040.22082  
19946.47025  
39072.18506  
20047.56861  
18087.57353  
24560.68613  
26256.87317  
17272.14587  
18951.99879  
20995.31092  
66604.50295  
26150.56152  
24758.34473  
