18.78320813  
23.83466942  
5.94066336  
52.75756385  
7.621992108  
-4.954370481  
0.2831929803  
35.77097716  
6.494255477  
27.51440739  
-10.26681986  
-5.605520225  
-4.102788712  
6.150823486  
29.61837399  
-6.364602424  
7.137898966  
6.868557743  
-30.46904879  
33.23241518  
-25.88365811  
37.5145463  
28.19566796  
26.28861521  
6.544583518  
13.45420941  
34.33356391  
-1.659128295  
24.17651901  
11.4355888  
188.7636107  
128.8965123  
390.1909835  
-364.838734  
-50.35757062  
6.655760579  
108.0864156  
116.3484846  
-61.66757459  
197.8373853  
39.66201246  
-51.07854139  
-138.423676  
-381.5440563  
-30.76526409  
-225.3189161  
-30.73488366  
-106.9193896  
-124.470474  
46.87819112  
-63.79429441  
-130.8329354  
11.41986985  
121.26557  
138.3152482  
106.5890371  
-117.4319421  
-0.9397153568  
140.6900167  
31.55687215  
-0.01589416742  
-9.326632314  
120.383118  
17.9073041  
-18.9293928  
98.01388406  
122.5604463  
-263.5777722  
36.93202816  
28.230449  
-70.68787509  
-62.73741813  
-28.46314711  
-128.2946617  
10.02077689  
70.03513399  
264.4603995  
-17.08885415  
124.243686  
31.93869973  
256.0199969  
145.0286254  
72.11107238  
62.58523739  
80.24548743  
83.84762576  
-64.77433086  
147.1614292  
-49.09297513  
138.1378302  
39.57124867  
-33.16430541  
97.42956448  
222.6759206  
-84.94809639  
47.71654742  
-74.57820648  
-132.5532492  
105.8663158  
-76.1314816  
-172.5093944  
-42.17762367  
-115.4843633  
-11.11165718  
64.37578372  
37.52945762  
38.89130095  
30.8010716  
-0.2674794084  
-57.32799543  
-199.3373413  
-80.38994624  
88.20203249  
-18.95744604  
161.1804079  
9.642951255  
-44.46658231  
-2.885781806  
46.28707873  
224.9228582  
-174.7225227  
-102.4334429  
112.6106259  
-97.58010475  
-125.6343003  
-40.49142171  
170.2394158  
69.76733677  
93.17659777  
30.33063203  
-179.9109828  
9.078290725  
-68.0871403  
32.5707512  
2.646855884  
-55.19362809  
-45.30718595  
162.2331734  
-50.66391604  
-142.9517127  
-218.804274  
94.78633355  
47.13658698  
65.1891921  
-1.973215599  
-140.698678  
14.06192737  
264.231619  
-50.18768484  
-83.04338832  
200.0737823  
-53.50988127  
-444.2412148  
-185.5797522  
151.2251444  
-14.9499407  
11.23374726  
14.2264715  
-213.806019  
141.9093602  
-228.5942854  
262.899492  
-10.70636865  
4.169355868  
-254.6027897  
-13.62291173  
391.9025142  
67.31581629  
43.26401636  
-16.90711772  
87.59570587  
17.54353246  
152.8049894  
41.47331422  
102.1624794  
87.04829947  
-91.53433206  
78.23388772  
125.5087454  
-139.7576566  
179.0673804  
-4.278326238  
116.4384415  
-66.71006586  
35.82674964  
-45.00422062  
-210.5257308  
-92.43301857  
101.9039274  
7.061998255  
99.90391349  
55.49433682  
-45.15148617  
102.6385853  
-88.95037938  
148.527341  
143.2012202  
113.0802762  
-11.44131645  
118.2788387  
-32.56750621  
-315.8258072  
-54.84308012  
-166.3263148  
-52.45593303  
53.46426298  
17.26671432  
297.5133015  
92.8788483  
134.7918689  
93.65308432  
-143.0024877  
-333.8571832  
47.6246943  
69.54589195  
12.41745164  
221.6595372  
-42.79721648  
-75.29883727  
228.7457949  
269.0876349  
-75.65377289  
-5.505107745  
89.80927627  
284.4847198  
-114.5760498  
77.6107517  
-38.82056617  
-3.076202898  
-20.85696305  
-3.42139832  
60.48605211  
-44.96336417  
-115.3319742  
113.432274  
51.90067729  
-101.7330425  
87.57255691  
63.25004219  
-48.42431427  
-297.4771361  
252.8211225  
-115.1109623  
118.0492642  
-132.9524674  
40.88349252  
-10.71022846  
-28.87728828  
-54.63011751  
-251.2510188  
126.8278279  
-236.2255334  
-76.3740276  
108.4516959  
153.6805064  
-19.50771618  
-91.32228013  
287.8549752  
-56.70269755  
77.09968967  
-133.1493499  
0.2331584024  
-194.0119879  
-67.41822127  
-112.3372246  
80.89632471  
-169.0776354  
-198.4397082  
150.1473789  
-103.1865814  
-51.46984997  
12.16862599  
115.2783081  
-72.03606522  
-15.3539623  
32.3033788  
15.95357538  
-95.59978462  
101.5513333  
203.9746871  
93.81913342  
-111.0012159  
-78.59403554  
-26.93843415  
-118.4671709  
-107.4612688  
20.29140663  
347.3574978  
