533.7505205  
311.4384865  
292.9995293  
3053.150753  
268.2022658  
227.2925259  
324.4417088  
472.0916638  
419.2087579  
317.8072755  
323.583394  
419.5803151  
269.353768  
553.5537378  
322.4477097  
555.7836047  
253.6500207  
318.1702435  
1420.055635  
319.3349913  
573.2798468  
504.4165016  
340.2902321  
528.6757683  
568.360907  
351.511731  
554.3205428  
465.1802679  
442.2398607  
441.8858446  
69716.17273  
73083.60535  
98003.16113  
217425.1495  
83030.24434  
72735.67391  
106201.9688  
99415.18687  
76769.16895  
112404.0656  
68311.75258  
71877.57566  
97150.79125  
92286.34555  
154942.7654  
128226.5826  
2345.1934  
62526.44289  
65066.37871  
26181.18635  
127240.8615  
24826.25641  
79994.79453  
25157.37314  
71190.79742  
63818.49152  
73429.72129  
88554.85418  
107452.3276  
58047.04293  
50504.29316  
67467.58727  
86062.02875  
103579.1632  
29093.41297  
35427.99105  
79864.42926  
64601.65648  
34663.88211  
36496.59592  
30463.82666  
23713.47429  
70847.75984  
75460.12203  
26486.69926  
23786.46803  
32859.474  
40567.39898  
33732.54855  
27034.80107  
32669.03406  
32295.09969  
25966.611  
28312.25459  
35159.19121  
30841.50307  
36242.64406  
61599.38973  
28887.76232  
27028.0682  
31946.2583  
25331.04169  
26204.70921  
28900.73287  
30468.02186  
24597.84088  
28236.73141  
28236.65287  
29218.02006  
32603.45068  
49185.77184  
38300.60533  
48473.57656  
19371.75876  
26690.9873  
24967.26342  
29120.75035  
33233.73545  
23201.50802  
29340.65828  
39836.96824  
25953.85713  
96012.21797  
33470.21916  
32308.71441  
25245.29916  
31031.76395  
29525.21746  
24811.53104  
61171.00119  
34635.32984  
28192.02645  
39439.98361  
32151.15396  
54988.03641  
55521.44957  
25901.11615  
25081.73996  
28693.23998  
26476.13961  
34988.64088  
22931.38667  
32247.91998  
29559.03299  
39060.25244  
25017.32789  
22558.13809  
27221.63203  
29460.44494  
24909.94838  
32527.48238  
22292.04325  
34740.50674  
47352.51705  
27718.52545  
27708.47996  
27322.16572  
111180.5531  
32207.76994  
29123.2857  
30596.79549  
34991.51078  
129796.3217  
28999.97305  
37183.54932  
100787.3905  
48311.72625  
37655.89191  
28104.3016  
41222.14887  
33875.35389  
43267.30014  
24460.1415  
36117.68961  
26711.78021  
30378.21076  
51230.79818  
27425.1961  
24492.17324  
33129.65818  
51459.42535  
22702.63344  
29996.66549  
25978.06328  
28565.3577  
25868.00766  
20876.66474  
29576.94045  
35500.3766  
25338.56775  
25455.38691  
17330.77084  
36980.36244  
29054.8902  
36094.92682  
22949.95092  
35948.47613  
38537.1742  
21800.10176  
42203.55369  
145547.2843  
67008.31277  
129283.1819  
36051.77518  
35858.30186  
21380.70169  
83889.87254  
31459.82344  
66659.06766  
23768.63511  
27229.00896  
68080.52781  
68967.61637  
49518.1334  
40565.92846  
39813.99334  
22023.04642  
75993.75469  
26783.84418  
40342.32934  
28340.35475  
28953.98447  
58640.19084  
30985.23486  
58967.94857  
34550.28553  
52300.39223  
24394.37824  
35075.72473  
74603.38516  
40438.29143  
34551.66289  
29296.56424  
30193.41246  
78342.35504  
23633.62463  
31304.86508  
76090.93992  
59402.72941  
25278.54194  
17192.94509  
18690.86209  
65867.81477  
43847.59781  
30710.6441  
24850.48056  
14614.68939  
40089.41246  
22255.35145  
23532.49629  
55149.7216  
20560.0639  
31928.66461  
28125.09112  
20306.22941  
36660.10385  
28032.0801  
23408.39306  
34049.89018  
41990.99359  
26677.41951  
35279.70779  
27786.26426  
41832.91197  
25462.38879  
23513.53521  
22610.31689  
27094.55418  
34694.26482  
21537.86127  
30360.30023  
36308.18964  
42384.7408  
22895.09441  
30085.36012  
27187.59907  
30855.3468  
23243.34185  
25487.55939  
30065.01879  
21045.57764  
36199.73361  
33439.1525  
32513.68771  
40148.23438  
27318.50906  
19290.09905  
37264.7407  
19085.36676  
18632.62565  
23520.00073  
23104.6035  
16360.06  
16744.097  
22318.74276  
63236.07457  
25842.33181  
25585.31632  
