59.74142205  
-6.400848465  
15.76185048  
-77.8655214  
10.00067943  
-5.814184114  
-21.19437338  
-6.050340663  
16.48856041  
0.5800171761  
10.90923831  
14.80168453  
-9.844646541  
-19.22958368  
16.75771304  
43.20807811  
1.776428215  
-15.69093683  
-83.39376595  
31.73675355  
23.32348791  
1.055715743  
3.068114655  
-3.533669049  
1.64988304  
-7.986622119  
-18.38748725  
21.6900812  
-15.41802364  
-6.853927267  
123.5448603  
19.600479  
461.3797274  
-156.9596037  
-78.85727104  
197.8089734  
65.67283111  
70.76555678  
-79.79030663  
53.67959203  
-31.52000694  
-31.78111784  
-81.0408521  
-198.3876034  
-100.7106285  
-330.0494883  
5.952151349  
49.68921  
-17.25065668  
2.067900957  
-28.04000535  
-143.2301733  
97.53191773  
-46.84035013  
-329.0744636  
-123.8730915  
-279.7101991  
-319.764928  
360.2570674  
-174.410783  
31.30666616  
12.81954592  
-32.02138601  
-102.1038947  
-189.5267916  
137.1286548  
-63.90403453  
-240.3104569  
120.902133  
181.0844866  
-27.55083233  
-48.24501858  
-78.55829809  
-170.5874457  
-99.54681308  
-107.0463983  
197.0296637  
-165.9854002  
-35.45292091  
-92.26049768  
243.4663319  
-150.8480814  
-67.15644497  
-342.6037766  
45.7022303  
11.85268047  
-179.6221549  
158.7452317  
-129.096196  
131.6802746  
112.5207185  
-90.21906676  
75.99771694  
285.79299  
-78.41743676  
20.78977757  
-42.06827681  
-173.3620992  
-62.36083388  
-16.82124038  
-107.2799271  
-183.3514554  
-146.5337696  
-87.2489618  
-50.44533842  
66.98246095  
-69.43136313  
21.37144665  
-28.03570026  
-178.1657364  
-40.76206635  
-32.7006594  
-143.0461877  
245.0801139  
-86.44446518  
-152.9391392  
-43.97460868  
-32.48986112  
-31.67622247  
32.12805768  
-67.36551718  
-288.7058112  
43.03583962  
-101.5490641  
57.60199953  
125.7862807  
62.90481941  
-107.732605  
-63.73553453  
-67.04308601  
-122.0297964  
-0.6178950238  
-99.37102348  
-125.2292204  
108.1152552  
-138.5574483  
-117.6191559  
31.77129955  
-108.8701717  
38.87729485  
-273.3952118  
-66.00062967  
-71.96805513  
-119.8110981  
-162.7460426  
-109.5894319  
-225.2125554  
13.34773742  
-135.7521286  
-173.1600167  
56.96602856  
-177.3868849  
-340.9399523  
-204.5360941  
46.87595127  
10.84670355  
-226.3058073  
88.29568165  
-94.11359389  
245.6923666  
-217.1417847  
152.8552626  
-148.352448  
-99.37825778  
-205.7362586  
-140.7761078  
85.15749377  
26.22955834  
-177.2976046  
66.43323853  
-282.4512458  
-39.91060197  
-64.71402966  
62.05037736  
-121.9833435  
70.0382643  
-106.2144402  
-37.17195197  
-18.27143773  
-140.9870496  
-173.6684889  
-113.3264341  
-43.78359558  
-109.6406179  
-36.8342227  
-73.44212208  
-106.02986  
22.27210045  
-83.51912579  
-233.2917702  
373.6606829  
198.7789538  
189.3552234  
-45.6240801  
-34.12541326  
-121.3686312  
210.8210991  
72.85372058  
-133.0509166  
-53.41174833  
39.47099874  
-207.0311592  
-111.6141626  
-206.5105025  
-68.71328107  
15.22999104  
-39.40984241  
10.52518045  
-110.718549  
-117.1127454  
-210.2173389  
-16.57380802  
-77.59642982  
-170.3748873  
52.63501867  
14.77254286  
-97.38054546  
-262.0440591  
-151.9956985  
103.2930945  
26.90723604  
-170.3154918  
19.91782  
-38.9514616  
85.24882906  
-259.9368089  
109.1377269  
-100.5022207  
56.95796757  
-102.8958875  
-110.7373632  
-33.04290853  
-349.1467106  
-119.957572  
-38.98170646  
190.2865754  
-8.946578121  
-20.3224243  
-177.0033473  
-115.8100054  
-76.55909514  
-34.65606792  
-234.5085037  
-21.00948025  
-199.786544  
41.68024422  
-393.3181081  
82.70690545  
-75.26221617  
-67.65890892  
96.28502525  
-82.54670046  
-179.5819086  
160.0870892  
-7.474800913  
79.53448092  
66.31937051  
-55.42632092  
-20.34984488  
-199.2923403  
-58.15542093  
62.87499681  
-322.7444937  
-10.85115439  
-234.281436  
-50.09574193  
-45.76294282  
-73.68782864  
-34.95534491  
12.29030995  
-86.66009588  
-58.79670904  
43.05140392  
-202.5731084  
-178.1886172  
-67.05209929  
72.39721845  
-39.86896252  
-177.3855534  
22.79317196  
58.99751296  
-154.9571575  
-183.2101288  
-12.99075208  
-102.4297816  
206.3138056  
81.4495715  
-55.65306765  
