5.198100689  
-9.626050017  
6.586357955  
20.54605632  
15.02379897  
-10.61247637  
-13.81114871  
3.437227628  
1.499087971  
10.73342558  
-30.36765512  
46.55596296  
-16.57518777  
-4.836069466  
-13.07607325  
-0.66488904  
2.632680042  
-4.248741305  
-19.29410716  
33.09992367  
13.93620559  
26.38355311  
5.241038941  
-13.99781657  
-2.54509  
4.602997846  
-4.651927486  
34.01628057  
15.04343914  
14.79444628  
-114.7417747  
-184.4879625  
333.3444375  
-580.9767511  
-58.6183011  
-110.7740037  
292.4173905  
-192.3576266  
6.758933101  
61.8497463  
-177.9104966  
-262.5416935  
60.86786873  
28.93142112  
43.62373692  
-392.2576412  
-10.14972126  
93.33453797  
39.03108622  
-49.41462323  
-432.9537664  
-206.8484125  
-69.76533579  
65.47672436  
-7.747369778  
-187.3721552  
-118.0794108  
-303.7785044  
-174.9864243  
258.0802444  
-72.22096831  
-31.29050739  
-327.6724436  
-15.8270837  
-62.15784813  
38.0702481  
-48.01494257  
-228.6721919  
187.8380385  
-20.36712322  
25.51955937  
-93.12378372  
49.62637753  
-259.6287185  
-9.052748485  
19.91705691  
200.8878654  
-80.35395045  
-158.8123696  
71.4066393  
4.627482631  
-30.42569313  
16.4057595  
-319.2491177  
26.06346601  
0.1239965728  
-63.28594408  
-170.2464764  
-22.56611965  
12.11893632  
209.0062258  
-229.1704528  
33.34982552  
-170.1440014  
-115.2496608  
-23.73637233  
-43.21883951  
-58.3144695  
-6.680685889  
-191.3896767  
15.97835339  
57.40406805  
80.84244112  
91.00698086  
-121.7096159  
71.57971946  
5.209543815  
80.29120302  
-4.476291167  
45.87013231  
-49.22512874  
-68.20789272  
-1.992839975  
-20.30074732  
-99.94554502  
-90.93615338  
-27.66130504  
133.2782788  
-104.0657392  
12.04675923  
-98.20606741  
-89.77856064  
46.83774864  
-100.2038545  
168.1290293  
194.5420837  
55.10648804  
-24.83547073  
-19.36687094  
38.42669791  
-232.3126912  
-95.46087804  
-243.1421891  
-42.91936189  
46.803329  
-245.1588454  
-81.37217472  
53.9884777  
-355.9696881  
68.88578753  
-117.7180745  
-163.9137657  
-5.260402091  
-112.4847559  
-11.1564842  
-104.2664044  
-26.53043652  
328.600392  
-44.05531239  
-153.0968752  
3.676786096  
-1.918409131  
-290.7542129  
-159.6873224  
-75.46257304  
68.10388577  
-119.3817856  
-43.7124722  
-50.7884184  
-9.897328844  
-226.3979596  
54.87866532  
-116.6170183  
-224.2056084  
-258.8130932  
-107.0647743  
-261.6882523  
-282.6635132  
-90.21434864  
270.1401156  
-14.67684337  
9.532370367  
-0.2814672774  
142.2862073  
37.06013448  
-15.76927505  
48.15045411  
-121.6592307  
-66.38771962  
-172.3051458  
1.980059652  
-95.20634728  
-22.62802914  
-159.3786487  
-28.45041391  
-35.53693682  
-298.9160777  
72.01383945  
56.12206556  
-309.3867077  
588.0517072  
-60.46927658  
134.6984513  
59.26416802  
-75.69364579  
-15.60269094  
-99.76913241  
46.04862159  
48.7006228  
-143.3790898  
13.45113337  
-211.3484006  
-127.5818524  
-65.62664571  
-154.0416855  
49.784988  
-89.45249734  
110.7483123  
-42.22279233  
-73.85394097  
24.26404525  
-142.4462273  
-319.3583932  
-46.41369089  
32.91280597  
-172.1793028  
78.32394647  
-230.1095971  
-51.69906116  
167.3694168  
30.75704549  
-63.88333503  
-55.8749717  
5.654052546  
170.0459183  
-113.4523694  
63.44640942  
-154.3820941  
-292.4742544  
-94.6151119  
-111.4806772  
-114.7900219  
-258.579801  
-90.84854113  
34.37901402  
87.88086142  
-74.53352321  
-20.69434111  
-159.9229583  
-162.552321  
65.0260677  
-88.54330041  
-210.0090681  
-125.0988891  
-106.5513467  
-105.8605522  
-206.875513  
-40.05379649  
-21.3452717  
-145.6169174  
59.19132407  
-62.40332118  
-34.04609706  
-10.13491176  
0.8680975591  
-63.31240073  
-163.0311726  
-72.71814481  
31.87539266  
-15.24263045  
-119.9488058  
-168.2511044  
-396.1722486  
-106.0139059  
-22.95088354  
1.136894068  
-16.85972305  
-117.3981596  
-292.4498551  
-15.33913056  
-74.21601413  
-88.07000834  
-44.67820723  
-399.4092115  
-156.87047  
-11.42419265  
-38.02755717  
-210.7502224  
-248.4379283  
23.48598557  
154.6844671  
-7.580176422  
-139.6752247  
-158.7755713  
88.00520527  
224.2741372  
-132.4763581  
181.9958185  
