547.1078534  
340.0878378  
332.9118727  
6930.848354  
320.0903577  
227.4268539  
316.0603484  
467.7791216  
353.7314679  
283.6638991  
281.7703638  
530.4958521  
264.6302267  
357.3690645  
347.932197  
368.2521413  
272.6178444  
427.624294  
1467.168099  
309.7783446  
496.8280098  
684.2449509  
377.8295401  
542.2691637  
471.9915712  
402.4002631  
499.3842192  
479.7199918  
342.1914429  
307.1336374  
62776.61687  
78673.53461  
98620.69828  
238605.7878  
79206.67387  
77305.25031  
106596.0946  
89302.61898  
75057.54305  
112580.0935  
66652.53066  
81259.96012  
83206.47051  
93281.96516  
131194.0121  
121639.9237  
2275.797766  
68659.19242  
58560.58531  
23869.6984  
133956.7125  
24676.06043  
63448.00512  
22915.8793  
74736.63984  
67383.75637  
61973.61461  
82124.06094  
93076.16309  
60027.48703  
49190.11625  
70188.00426  
78162.55773  
87302.85359  
29344.73592  
30292.04863  
71839.23633  
63010.96723  
32021.97764  
33699.83982  
32135.89359  
22956.72986  
70251.62172  
65535.12539  
26142.78096  
24134.18469  
31904.23303  
37463.98191  
32622.67205  
23292.58659  
29996.77459  
33720.49107  
26323.21697  
30774.00002  
35091.69385  
27392.34037  
32119.44504  
68055.06613  
25913.85023  
28581.39549  
34386.38428  
24475.17215  
25732.38586  
26754.68645  
29467.95816  
23604.51531  
29699.73951  
28261.39123  
27907.51557  
31885.2882  
53101.10816  
39546.4618  
46174.26965  
19383.23534  
26983.6952  
22895.12092  
31580.24313  
33040.88686  
24120.58348  
30632.97426  
39611.24918  
25498.00571  
100627.3201  
33857.43125  
29821.65977  
26136.07328  
31147.96902  
31309.12744  
22067.75487  
61100.83066  
28491.47822  
30000.03766  
42881.73182  
31885.6198  
68378.41852  
62039.34773  
26593.52893  
25061.18746  
24116.31163  
27436.54109  
33949.85496  
24295.10906  
32464.97873  
28560.56006  
42938.94312  
28106.33158  
26058.57772  
26185.20377  
33024.31563  
26913.59713  
33224.40201  
20989.54313  
35616.88064  
51500.27502  
27286.39553  
24781.6473  
24253.82288  
104627.805  
30373.23822  
26213.81951  
29809.9523  
34131.89535  
127930.3893  
26237.12611  
43081.55934  
95442.18629  
45170.52684  
42146.48768  
30399.23959  
43578.49859  
32425.5266  
38608.61307  
21642.12247  
37922.3133  
27084.21406  
30191.30887  
59198.89348  
27459.53169  
25223.53078  
31430.33373  
44501.12848  
22979.5157  
29694.79094  
28389.45074  
27971.51836  
29547.41561  
24807.96597  
33374.89172  
35489.47551  
26090.98523  
23985.67865  
17895.85122  
38054.4451  
27860.46648  
32916.45461  
20998.81346  
36216.85943  
34144.68338  
23005.48291  
37156.42053  
111551.5675  
67922.1068  
131520.8309  
37543.61025  
32368.73406  
20899.72484  
90236.10945  
31609.58715  
61410.40551  
22195.19501  
23782.03331  
59942.20918  
63403.1652  
44345.6207  
40875.80225  
43179.65512  
22479.26652  
69880.76723  
27359.47877  
36514.42842  
28598.81742  
27602.66857  
60354.27729  
37692.35687  
46535.32969  
31134.77917  
54832.23516  
21887.48085  
31890.42531  
76993.54086  
48527.96174  
30536.60879  
29666.58036  
26331.9377  
69658.87533  
22940.51065  
28254.06744  
80893.9491  
55502.16377  
24398.66508  
17987.67139  
20449.71361  
77567.02025  
50688.97068  
25855.48438  
20321.97391  
14951.65234  
44856.0382  
19011.75028  
23041.37146  
53524.81318  
20829.46846  
41237.70197  
23122.3237  
22783.36852  
35751.31041  
30986.51834  
23251.13301  
36630.62986  
35035.04457  
25108.03115  
29705.23754  
28890.7857  
38320.01119  
22473.1741  
18824.17351  
21659.33329  
25421.26016  
37157.20895  
21156.5203  
35032.11186  
41583.25676  
38837.29481  
22001.71244  
35480.01154  
30627.57322  
32996.94064  
21684.85647  
26641.73193  
29198.48413  
20793.03808  
34369.57549  
29842.87371  
34472.27654  
42173.76758  
28580.46281  
17491.1616  
34158.0242  
19338.3356  
17590.0001  
24354.80577  
20075.94915  
15809.3656  
18309.12038  
23554.96784  
54076.34924  
24138.3293  
24143.35597  
