780.6067474  
323.6001134  
296.5929764  
4208.663867  
271.8185495  
193.5401884  
401.3531114  
606.9982159  
270.7348306  
238.8547928  
322.147242  
512.2026289  
365.7078804  
492.8765622  
412.8602904  
468.7733096  
306.8359256  
390.8103181  
1602.452245  
308.3315753  
378.9020763  
388.2657927  
345.0500339  
562.2314119  
456.2200661  
353.4541177  
511.9099619  
452.1623972  
404.0122916  
304.673893  
62089.54227  
75126.57367  
101578.055  
226051.7292  
72995.29445  
70248.5418  
126676.3569  
95416.54312  
74199.39637  
117899.9211  
67233.59551  
73948.09281  
92760.7973  
101452.0949  
129443.4841  
129388.8214  
3707.692822  
65061.87773  
57048.28117  
25398.26242  
150178.0827  
24247.57104  
69660.90418  
23295.55224  
69215.7777  
66035.22438  
65293.66422  
84492.19805  
90162.23434  
58019.90754  
54738.17316  
75550.62996  
76817.52922  
90364.70176  
27747.55125  
33947.52217  
76975.5909  
62482.14879  
30498.51609  
35890.30754  
32610.59855  
22193.14997  
67100.66848  
79682.43004  
23944.68863  
28138.09094  
30940.75182  
39743.75793  
37526.76441  
26914.07693  
30684.13125  
34430.67229  
23494.41045  
28352.47895  
33600.78537  
35688.37684  
41265.47119  
66136.16336  
28767.53484  
27223.62715  
30190.57109  
24847.19332  
25612.117  
26899.85124  
31499.22725  
23358.19025  
27465.84846  
26914.54235  
24134.40316  
33772.25523  
50156.33945  
39644.00373  
46369.49254  
17627.06846  
31125.06211  
24295.70446  
28125.46959  
30447.53717  
25222.70017  
28788.49889  
43089.38371  
29920.75939  
106902.3834  
40431.11053  
32546.53717  
26128.94711  
34052.349  
30463.68838  
19327.71036  
58659.84227  
31939.72645  
31746.93371  
40145.07748  
28769.13449  
57507.64203  
60800.80426  
22668.4888  
26002.26971  
27463.75736  
24143.55217  
34505.1842  
25305.5633  
29183.04571  
27941.56652  
44092.6575  
26784.85791  
24586.14994  
33607.17209  
34747.71383  
26809.20445  
40582.13246  
22496.14889  
32978.70497  
54734.54967  
26693.86943  
26577.43266  
23004.91025  
107709.7168  
30136.21736  
26478.39089  
30869.90361  
30026.64149  
113207.4305  
26724.42961  
42904.58508  
98978.20938  
40890.58078  
42397.43266  
32601.96064  
36721.61211  
35738.83535  
38712.95496  
24008.37283  
32800.58109  
27660.99342  
30039.22738  
62625.90336  
23802.97376  
26518.61064  
32565.47076  
45903.49266  
22559.769  
30520.18928  
28284.90912  
28963.32324  
31186.52209  
23572.04053  
33915.8127  
40653.25189  
28311.10496  
24326.66496  
17246.62762  
40753.25479  
28107.88361  
30224.5134  
22533.01607  
33420.32068  
35905.12221  
20352.63773  
37933.65707  
115231.5994  
74013.30441  
133390.2705  
36787.74711  
34382.23234  
21831.11107  
84846.02539  
30559.55979  
64961.92258  
24755.80293  
22767.2499  
67242.84664  
69256.91469  
46722.12436  
48219.20719  
44378.4591  
24079.53087  
72995.82883  
29649.64086  
35833.91799  
27925.72459  
30920.10793  
64402.71979  
24349.73046  
49890.6615  
30051.61509  
54041.87742  
26074.62878  
31835.86148  
77105.0298  
41640.69887  
29676.4134  
30283.25714  
31766.70459  
61811.84791  
25247.68265  
28393.21072  
55966.96637  
66404.67512  
25009.32918  
17448.26793  
19479.73166  
70327.60871  
40855.42588  
30101.69975  
21854.6192  
15905.34719  
34833.42258  
18550.12059  
23564.54578  
45771.71043  
20136.40835  
33201.95629  
31784.61166  
21267.98973  
35353.38693  
33373.36092  
25256.6562  
30356.65742  
36792.26602  
24837.18426  
33072.9999  
29552.72525  
36997.78256  
27418.99811  
20599.89536  
22742.64236  
26712.705  
40355.31107  
21842.86937  
29268.43629  
37318.33519  
38872.21219  
23341.265  
33664.57086  
28451.02145  
33413.94078  
22844.73587  
23391.40644  
29428.76879  
23005.37094  
39694.25361  
31691.57197  
38061.74842  
40151.89113  
29188.2657  
21079.88958  
35129.8674  
17980.03827  
18473.9782  
24564.72574  
23758.54263  
16658.66797  
17774.75827  
23283.31993  
58108.97297  
24621.87347  
23306.58953  
