550.6403416  
372.6803578  
290.8759915  
3109.007619  
355.4316948  
298.5308859  
329.986458  
456.3947551  
314.8898239  
268.7970113  
307.097281  
604.3039981  
250.1752371  
482.087225  
456.9939726  
512.8752956  
230.7398929  
296.0715187  
1620.432996  
330.3069334  
775.5566437  
440.5077383  
338.3868854  
626.0064413  
587.4176373  
323.0858127  
557.5632312  
481.4082959  
526.0003613  
337.6980095  
63283.16258  
80662.6402  
104394.1965  
302596.5659  
79588.75844  
79127.89168  
111371.2197  
93540.31051  
87177.37926  
131764.9547  
69613.95297  
76532.68453  
108511.463  
92896.73484  
139719.5384  
132325.2144  
7363.638662  
59763.43246  
56697.76172  
28981.57896  
133929.982  
24554.46164  
66704.61887  
26805.20227  
72852.43254  
72342.18945  
69312.15813  
95157.1948  
98721.00324  
62359.47145  
53782.7293  
67707.56445  
74717.74844  
91835.18469  
28266.54164  
37833.90514  
69564.38891  
68560.14762  
32066.73428  
34596.51699  
36949.22629  
23818.39234  
67443.37211  
72567.14273  
25460.97213  
29378.23783  
29005.66437  
41244.55154  
35238.06295  
25780.70537  
30384.91826  
33243.74338  
27224.9818  
28174.59344  
37104.48764  
29541.74705  
32391.26197  
59965.24461  
26696.81174  
28692.62486  
32602.536  
27911.48498  
24839.48401  
26608.91229  
30821.29273  
23343.12266  
27490.48359  
27515.54853  
28901.64924  
29021.12324  
48700.38488  
37131.72865  
47012.57611  
20864.40755  
28687.53633  
23810.64396  
32243.42568  
30525.31226  
24993.06484  
27399.21758  
40874.47449  
32543.30404  
88076.15531  
33471.4066  
31992.65355  
24949.98348  
28497.13287  
33705.90988  
23942.19762  
57783.88807  
31734.55402  
36261.85979  
40994.29688  
30460.23891  
70507.37914  
57895.21438  
20933.18626  
24755.07738  
25962.46294  
24549.56711  
31882.09921  
24766.80343  
27757.809  
28893.78809  
46225.69461  
24345.95852  
23700.87652  
26383.8433  
30064.53758  
26029.59052  
32649.17164  
25190.77519  
34345.58699  
52547.42748  
27124.92215  
25773.84658  
25446.41077  
104611.0197  
32817.21129  
29486.22164  
31571.42576  
34186.81803  
132873.4016  
26783.64633  
43037.46541  
98827.11965  
48984.17262  
38484.92693  
26561.21833  
47861.65074  
36810.66197  
41959.04744  
24059.10059  
38041.64619  
29958.1284  
32378.38658  
62603.60605  
28834.64834  
24923.54776  
32041.42902  
44507.2993  
24622.19289  
28581.45373  
30723.16  
30875.45031  
28918.44563  
22333.29753  
31000.13592  
32681.47299  
25644.96732  
25693.95193  
16877.23883  
37117.24885  
29028.52941  
27976.43436  
20091.43737  
33602.56719  
35740.89477  
24838.64441  
40500.18537  
122536.5302  
98333.06254  
120727.0566  
36962.45027  
31206.75289  
21956.27069  
82291.02832  
37085.54592  
63041.14664  
23159.34696  
22715.07486  
65197.65035  
68076.17609  
38466.17277  
42590.58738  
42440.83477  
24168.74932  
75518.2118  
26102.5199  
33195.86773  
24239.37611  
28124.71838  
59042.55154  
32510.96611  
49992.03119  
30218.81624  
54805.11098  
22355.96604  
32964.81539  
77870.91012  
40977.56541  
35697.64662  
27760.04451  
28632.71133  
66192.8475  
23582.36355  
26016.27076  
68843.73816  
59665.29436  
29323.96545  
19584.04634  
20240.81211  
80279.0767  
39508.74842  
26160.07968  
21885.25318  
16338.86873  
37312.11732  
20849.55459  
21185.271  
52563.57307  
22647.13012  
33421.82855  
25383.57863  
20655.7135  
37819.47633  
28189.56167  
26085.79024  
33542.49787  
34034.8773  
30851.7784  
29763.38328  
27618.1935  
37266.53941  
24262.12728  
21973.22617  
22402.31828  
27146.21686  
35943.74752  
18613.95133  
31243.03791  
37100.4251  
36275.57305  
20471.48399  
32896.04209  
31313.50021  
30190.94234  
21011.26625  
25778.20364  
29175.11523  
20564.20756  
44895.73254  
26134.49355  
33654.38535  
40095.15492  
29058.9373  
19896.63334  
36581.80961  
21816.87619  
19322.50625  
24186.0174  
25510.00079  
16391.88374  
18273.92115  
25380.73343  
59072.3518  
26692.47524  
23247.70098  
