89.20330334  
6.189097446  
13.70210593  
-97.70652331  
4.019075722  
3.603384165  
27.65707155  
5.033995517  
8.375281833  
0.4341420779  
-21.5662484  
15.65317431  
12.38856352  
-12.60489514  
8.271719347  
-16.00134335  
-3.394636147  
-8.858946634  
-49.56929116  
39.50136753  
-12.10188319  
25.62057838  
32.9285034  
0.8956600585  
26.62540673  
6.654532962  
-11.93322459  
32.15725143  
-0.70377547  
37.91858117  
275.5200338  
3.810691071  
227.7317975  
-171.5852475  
262.3380904  
33.97495213  
153.6975124  
-53.65981684  
-43.34643374  
92.64814281  
-158.6673773  
12.88160513  
-209.4359563  
-189.2511185  
-213.1625069  
-350.3196319  
8.172058733  
36.33288574  
-153.3738508  
82.08615561  
-119.9256105  
-234.7273317  
-110.0110193  
99.05693237  
-34.43628842  
26.73888708  
-269.4937313  
-119.4826228  
59.56517377  
57.60749281  
45.98811233  
-25.1876983  
-114.3912563  
-11.49298992  
-77.16693082  
51.53410964  
12.58773209  
-38.27749881  
77.63460456  
9.723345841  
30.59797971  
-93.40770095  
95.75289983  
-269.8200357  
-4.601744331  
-77.13964114  
205.13023  
4.39627434  
-44.62502759  
-150.4325204  
179.6442205  
-65.53655649  
126.54675  
-93.25763198  
-84.49804051  
-8.644984121  
-50.90885762  
29.93823468  
-33.27298179  
95.32452809  
72.42508167  
-71.35402566  
98.22396174  
190.3890548  
44.32216472  
23.99669945  
36.88211702  
-121.2069012  
123.4631869  
-32.57515706  
8.837499533  
68.30236645  
-141.8721259  
-58.31202268  
-173.1233995  
61.12945377  
-121.7068536  
245.0826135  
-72.7001127  
-25.57917903  
-51.25256131  
-63.73972753  
16.0798898  
-79.65466636  
286.1574991  
30.62577302  
21.98670731  
24.02799259  
92.08436645  
92.49740458  
14.3264334  
-65.7928553  
223.4946199  
194.8847497  
77.26634025  
200.5983607  
70.31291398  
-8.696563308  
-72.7273275  
29.16835516  
11.41687301  
-171.8408562  
-21.60549116  
-89.16901253  
79.31625074  
-71.21436321  
18.89033304  
28.11595912  
0.03631676674  
0.6423373905  
-318.2955766  
206.6791216  
-21.06935609  
-59.25785667  
-62.90358585  
-54.31971775  
-53.43019548  
-158.998823  
-87.87848212  
-109.0318264  
113.8580046  
-84.04545837  
-208.7216424  
-46.10801675  
131.526245  
-142.5887502  
-95.60495342  
85.86832846  
-269.9155958  
109.3710663  
27.86293527  
282.3598332  
-65.16251603  
71.7400147  
-186.3687229  
19.42545265  
143.9200174  
-83.84473529  
64.99938108  
45.50805676  
42.67810647  
-13.12021162  
176.6016046  
178.1119688  
98.93672047  
20.73602357  
61.08226735  
126.4864049  
194.9650736  
-6.036963325  
111.5595228  
-64.61853107  
38.08358141  
-86.9384562  
112.9327766  
-223.2741085  
-13.6180566  
149.295366  
38.73121484  
-27.85360504  
332.8686637  
81.85917483  
-94.67531809  
-64.90973049  
6.414244661  
3.4463967  
-24.60245186  
232.7899076  
175.0775187  
36.26800607  
-15.26793524  
-64.67858947  
99.13620814  
-409.2042932  
-370.0641922  
154.2262033  
-7.53602011  
282.8683336  
-146.1675062  
-62.04658871  
14.46163859  
-36.8575512  
77.16442649  
62.28906364  
-63.39668684  
-34.52464755  
234.9813896  
-177.0579448  
-64.92086208  
85.78860799  
34.09834031  
201.5973481  
-65.01215984  
1.838596481  
113.2947435  
50.71900837  
64.44863137  
99.4812988  
4.476210502  
-26.16348047  
21.23119492  
-80.44849108  
-119.1802502  
-69.37691665  
-78.13064254  
175.7048005  
14.5853279  
-49.69882499  
76.75956961  
-76.79901825  
120.0061607  
167.6010662  
-118.9215642  
56.92552275  
-129.6531422  
179.1354946  
20.12192984  
3.680638835  
-85.86452306  
-252.6309493  
-54.06926147  
-175.5966771  
70.28581059  
218.7152054  
105.4702287  
68.79606847  
-25.0108026  
-33.34174057  
-105.2391296  
-19.51992884  
-67.23456546  
29.95424324  
-256.3146052  
-60.3463249  
-24.83994538  
-129.9519244  
-22.73562233  
-190.6778783  
31.92382785  
-279.6275211  
-15.78322689  
-160.6581502  
24.10831683  
-158.2115632  
-127.164248  
-1.123545985  
19.96202193  
-23.57266884  
-46.18333964  
187.2833508  
150.7370498  
-73.60246516  
-62.45369378  
-129.4711334  
69.98802023  
151.6766849  
-35.43943285  
283.1126834  
