750.7167603  
358.5522685  
418.9197893  
4213.743312  
460.0421721  
377.5006493  
442.018777  
800.873414  
684.8689297  
462.6588901  
521.9027219  
784.7608334  
359.1385004  
637.8156471  
608.3040201  
914.2774042  
356.0640094  
390.6146815  
2729.206255  
433.5102728  
1331.115054  
727.5193742  
477.3302118  
706.4706911  
1136.696504  
497.5275661  
818.4637967  
557.4244838  
765.2601526  
721.0216177  
86009.95402  
106167.4347  
130990.3355  
366331.4578  
102564.3016  
98707.12312  
129254.2709  
133373.0928  
112089.5761  
167208.9445  
86563.92555  
90338.08945  
133289.1313  
116167.2162  
206449.625  
156578.5418  
10792.72274  
90597.26895  
77221.92391  
35313.88203  
178777.1035  
29154.5027  
92513.38883  
35493.38477  
91832.37984  
85977.79094  
94244.16781  
115001.227  
127764.4809  
77129.1584  
72777.89023  
89744.44762  
100440.695  
121723.9403  
36568.92953  
49221.26113  
92950.01898  
83253.9798  
41091.14648  
44304.20291  
41991.93594  
29061.28916  
91449.84637  
101574.3687  
31408.08219  
36072.29797  
36456.54484  
54236.91172  
43510.85096  
36162.79408  
39477.44137  
40367.12775  
35326.26252  
38933.024  
42063.61027  
37948.96752  
42458.80063  
78854.39543  
35181.1485  
34255.38355  
45745.94607  
35617.45141  
30618.55754  
38150.93275  
41178.06332  
33461.00158  
36053.97576  
36376.58641  
33853.24504  
41318.95744  
58787.13844  
47705.63381  
61503.45635  
25338.06587  
35728.07848  
33110.09439  
40034.88736  
37465.0666  
30286.59687  
40221.51984  
49349.78408  
36208.6498  
108143.4543  
41507.04293  
44913.25279  
36132.9551  
34367.53945  
39322.44529  
26958.44395  
74423.61375  
45257.07588  
41776.85943  
47237.60367  
36828.29508  
85529.93086  
67172.6084  
29364.97496  
36094.91721  
33435.70955  
31050.47588  
39677.38635  
30516.41477  
33449.65998  
36632.73846  
58173.29516  
32652.71428  
29090.36135  
33952.62645  
40305.03865  
35138.96691  
40176.72514  
31003.45352  
39890.53348  
57964.44129  
32192.15932  
30390.95305  
35902.37496  
131455.9885  
42069.57986  
39284.11744  
43648.0893  
43173.72049  
224899.2562  
35720.43154  
52760.16168  
129839.2608  
59988.48379  
51320.50461  
36486.23096  
60081.43359  
48344.97387  
53362.2216  
31358.48158  
48101.83156  
35513.29207  
40078.52896  
74078.88941  
36322.06168  
29298.12738  
42642.9168  
57665.63021  
33222.64949  
33616.14119  
33672.7592  
40166.22822  
34703.36273  
27805.78367  
38757.68066  
46912.87299  
31634.24223  
31413.77018  
22276.58697  
51299.88906  
39510.51713  
43844.81994  
27845.65658  
46896.89814  
46411.87189  
28284.3048  
59437.31441  
179631.9845  
123711.1623  
160138.5355  
47254.80867  
41160.33748  
26135.02379  
113511.5711  
43554.79102  
86170.11152  
29251.94436  
29947.41912  
63149.78852  
98196.51281  
57495.9668  
69666.40277  
55117.44543  
28898.19311  
97308.98504  
32941.47367  
46651.87281  
32855.77125  
34747.34184  
79230.16139  
52348.92672  
68768.51578  
44281.23553  
70740.57887  
30682.89092  
45739.48934  
102548.5059  
46163.47332  
41215.00381  
37648.10221  
41533.53746  
89630.91668  
30531.02081  
36741.51434  
64073.75699  
78786.8659  
33087.48354  
22798.99299  
23890.47333  
75316.01791  
58840.0834  
43922.02869  
29375.55011  
17573.58719  
49597.16975  
29001.86512  
25545.51217  
56210.60566  
25710.8046  
39845.38717  
35217.95008  
23732.27026  
48394.02121  
36026.78184  
30897.06072  
41736.86869  
52613.17395  
41435.71615  
40726.6376  
34545.82443  
52592.81471  
34601.4491  
27844.71853  
26251.01008  
31949.97449  
53338.12418  
24803.09559  
42566.80656  
47369.47023  
60603.35531  
26656.48445  
40936.79629  
37846.13012  
38820.84182  
28052.27169  
30088.00541  
39607.32111  
23434.40701  
50570.15781  
35125.35812  
36258.42785  
50435.46744  
40693.25836  
25087.17226  
49292.55355  
24536.93872  
23253.42542  
31959.92576  
32125.87117  
22771.0687  
23613.46143  
32909.65331  
76733.92  
31262.31908  
33488.35457  
