75.16724148  
-11.96690575  
24.22152078  
-44.01767197  
26.07952823  
-1.90130021  
9.414320772  
33.06788913  
22.37287651  
18.81460312  
2.472085898  
18.34155281  
20.76510772  
2.740028295  
9.268714554  
-6.315832847  
7.005145391  
10.16891562  
-7.764757546  
60.80783085  
-8.925984078  
-1.281194765  
22.33667991  
5.56652314  
0.7808965172  
-5.932444901  
27.89751955  
49.33957313  
39.49882714  
18.00407463  
225.8655684  
-39.89563137  
407.7830754  
-412.6596278  
-76.24671903  
101.0701542  
40.5693997  
252.1672167  
30.10971279  
-203.1346317  
-8.93691745  
148.043162  
48.1080546  
-176.5396167  
268.5332741  
-42.51397474  
11.28707663  
136.1845595  
66.04969981  
38.77076392  
49.76605339  
74.43188634  
144.2516182  
8.001414621  
7.461759977  
59.09126493  
-1.841750141  
-20.6008477  
332.0884302  
271.4321527  
-76.61468989  
-38.59367935  
-66.97381323  
250.3966109  
196.0873254  
95.19406096  
-160.8484464  
94.73883147  
120.9785783  
99.66624429  
28.15578572  
-94.04389346  
55.05039124  
-52.68821416  
-1.729714992  
-58.46315796  
192.3041269  
189.9300585  
59.82863487  
119.2130156  
106.8120321  
-9.505686597  
5.891243311  
-92.01369523  
136.6500581  
248.8956642  
80.93004658  
172.8657297  
-55.069159  
-21.85044884  
160.1389989  
76.83174492  
124.0583345  
182.2464398  
-109.9554557  
91.61785499  
159.3407008  
124.2598276  
86.08487804  
8.626717353  
-11.30479732  
144.8861421  
-32.92687338  
8.68153752  
86.26050948  
-28.47171054  
1.92612327  
352.295988  
67.02200227  
-79.12184334  
28.08278845  
14.95659417  
-251.3643293  
464.0742606  
-44.27255994  
162.8487483  
-53.16028701  
-13.88067347  
-7.870103693  
-83.07207345  
-109.8443658  
117.53987  
236.5737498  
46.59260915  
18.21183213  
154.3703341  
92.11216037  
-74.78670778  
20.05474219  
34.56769647  
-33.27225995  
-17.10487854  
-157.1913889  
36.27258125  
233.1351464  
39.48092123  
-74.92864328  
70.68243717  
160.1517049  
-36.46339451  
-223.1807243  
192.7326779  
155.4172525  
-36.133684  
-118.3511377  
-11.72768281  
39.59053577  
-20.60628181  
-88.31917158  
12.77065506  
144.2297117  
-17.29836885  
-195.1812096  
-50.59096464  
98.09054751  
101.4764894  
-173.4036021  
64.51158079  
-54.07484268  
175.1608255  
76.22928383  
350.7387562  
140.2560151  
102.7417394  
-116.8817904  
120.7048462  
-214.6580555  
-100.6179695  
202.9236529  
4.65559865  
174.8941301  
51.1180185  
99.25917867  
288.1868068  
222.1960261  
97.13739258  
11.8104739  
53.22591727  
177.4055838  
49.76494625  
21.45699441  
97.86600689  
56.78803587  
-132.2481508  
192.0591322  
30.68197586  
-50.10251631  
99.00207381  
-40.09761158  
61.47564769  
131.9602517  
265.0296087  
384.8154676  
67.08472566  
-155.33106  
49.79920965  
107.2447711  
124.2336926  
103.5360305  
125.6884829  
21.45705977  
111.5722773  
-97.66582383  
229.40517  
2.836737455  
183.7932257  
51.60013982  
278.9444624  
111.4365225  
10.07078146  
112.9416336  
-4.71081496  
-136.6320838  
-98.24328359  
-38.77924319  
-84.36939032  
43.4534398  
58.59654452  
-75.7943743  
171.7247939  
87.62577113  
4.926048571  
162.4124276  
59.28680332  
103.6367019  
-217.4125421  
77.91789254  
52.35380273  
209.127946  
-48.48759697  
-2.441451946  
64.84350824  
197.544515  
134.6265118  
91.95441236  
196.9036978  
101.5660447  
137.1254835  
62.27827348  
-42.59683823  
-127.9915049  
179.7965689  
-18.44188118  
104.9593731  
-140.5915959  
-101.1695064  
87.95980128  
-80.96213769  
68.78661844  
15.141467  
31.93043348  
-96.47561123  
58.7381471  
29.44873119  
160.2134578  
85.82768766  
-106.3489617  
127.3062161  
-109.1719398  
78.32202415  
-27.43968255  
-150.9612074  
-148.7651301  
190.2195467  
0.5521243763  
-33.83232613  
-94.99619166  
-140.0765232  
103.7715446  
99.61751173  
-2.086432056  
-47.73143058  
11.24037042  
-193.2612377  
17.11935814  
46.03794861  
55.99405535  
-70.73726272  
37.90370277  
137.6963366  
270.890245  
-60.90953939  
-18.51065976  
4.2028527  
-1.044408574  
187.0624713  
-60.09938843  
381.1684112  
