-10.3755807  
-2.805046853  
3.838633676  
10.27782351  
-3.866552734  
3.570067753  
1.548086647  
-5.803072078  
1.24054494  
-6.53499175  
-3.654721081  
1.8012535  
-1.06048915  
-0.3284754533  
-1.605501071  
-4.502262204  
2.724856921  
4.307776553  
2.887361168  
1.54566804  
-10.6859945  
-0.5499197355  
6.350464918  
-1.897958434  
3.261635821  
0.2113613731  
-2.627413547  
7.926642638  
4.462340728  
-7.490974113  
10.49975314  
4.200550377  
-11.913295  
4.678245791  
-6.13726058  
-7.0864915  
2.18609061  
-12.82093662  
-1.658563777  
-0.06050190926  
-15.11199918  
-3.323377204  
4.521846402  
-7.754221152  
-5.271242642  
-15.75421683  
-6.104989031  
12.68208428  
5.120891762  
-1.103416252  
19.29971526  
8.559799191  
14.1556309  
-2.337166392  
0.07528077236  
-6.783297435  
7.185377872  
8.152361839  
4.440845157  
-3.376727856  
-6.932318811  
7.955610128  
3.739970175  
20.96657439  
1.818777611  
2.103000934  
-12.0685879  
-7.997161772  
3.419234862  
-2.923444858  
2.745857895  
-0.699038841  
-2.701691821  
-10.1220276  
-0.2232190164  
1.003740341  
-1.936307869  
2.093604341  
3.064657078  
-2.015934983  
-5.832969783  
-1.850774553  
-3.099472033  
2.759316044  
2.976016953  
2.277291024  
2.303480357  
2.189768143  
-0.8578946003  
-2.787995511  
-1.241442361  
0.3823815595  
-2.767673091  
2.662101606  
-5.941376654  
-0.3703458948  
-1.34337299  
3.208569272  
0.5268228685  
-1.033440155  
5.673316806  
1.526635007  
-4.462312692  
-1.153125081  
-4.042101737  
-2.175275716  
-2.06824203  
2.765173065  
5.46763671  
-0.1471984675  
1.896509559  
-0.5270594401  
10.63439381  
-1.483258012  
2.722708152  
0.4337836453  
-8.032491425  
-0.08673578668  
1.917873516  
5.393130598  
-4.488310884  
-1.838677655  
-1.660025855  
0.8918044647  
-5.516893957  
4.64258421  
-1.137598328  
0.04639715669  
2.832514157  
-3.112410991  
-4.184442104  
4.503636315  
3.828375754  
1.13233736  
-3.617578743  
-3.734926157  
-5.560988149  
3.879468001  
1.692457098  
-0.9770350695  
8.627105161  
-3.324290573  
1.318890616  
4.358168106  
-2.815758795  
-4.595447142  
-0.6684891164  
-1.968438361  
2.308924632  
0.8946201659  
0.1010392929  
4.779235794  
-3.572060921  
0.04490647273  
3.461097163  
1.487073902  
0.7195417787  
-0.8035469822  
2.560684654  
0.07557345049  
1.15788755  
-1.614472945  
-0.9582721359  
3.677033631  
-1.483126148  
0.9692250712  
3.636011358  
-1.898437088  
-0.6570885739  
-1.054049549  
-3.123203771  
5.714637778  
-5.364034244  
0.8740954433  
-0.495911611  
-1.959234549  
-6.044313138  
2.912804028  
0.2713404198  
-2.576924872  
-0.7680477396  
-1.706940224  
4.19425117  
-0.01137865441  
2.329424239  
8.68363313  
1.17049871  
6.034700322  
-1.91948323  
-2.730272006  
2.218800579  
-1.598587051  
-10.29721184  
1.453788316  
5.675775633  
2.890427434  
6.795583016  
-0.2740548817  
-5.519693338  
1.379850642  
-0.3649933202  
3.271274589  
0.639143759  
-4.239984513  
2.917434841  
3.727911852  
-1.614941873  
-4.632585703  
0.1615191489  
-0.144543242  
1.212929896  
-1.759642678  
1.72801826  
-0.5665238378  
-0.050755362  
0.09090241864  
-0.554678602  
2.520185081  
1.004334833  
2.64630251  
-1.180475575  
0.1547279758  
-0.2554095378  
-0.9536987645  
0.8003205089  
0.4359158733  
1.043677765  
-0.2082122122  
1.898437842  
0.8802266128  
-2.181480115  
0.04519875747  
0.7139657038  
-1.161958034  
-1.150857897  
1.676410197  
-0.0511662513  
0.8445062142  
0.2966060061  
0.7361034019  
0.3636272135  
0.7411292306  
0.3491278867  
0.2528336973  
2.300816318  
2.269227666  
-0.4982985633  
-0.3632303181  
-1.134048265  
1.64938714  
0.2778635372  
-1.187501614  
-0.558110516  
-0.5912045507  
1.66109288  
-0.2172745581  
1.509191857  
0.2913980691  
0.3802447816  
-3.69706894  
-0.8745519115  
-0.1781471068  
-0.8138083266  
-0.2809988861  
-1.024571246  
-1.187844828  
0.2970221488  
1.410557647  
0.3457539787  
2.313294264  
-1.45025417  
0.546713015  
-0.2489762448  
-0.8811188596  
0.4712616594  
-2.328953566  
1.350127873  
-0.09330474439  
-0.3487857596  
-0.7962586101  
-0.5366921326  
-0.7130263764  
-0.01716584796  
0.6884800311  
-0.9116605154  
-2.082067342  
-0.4437234358  
-0.6116020547  
