157.5847352  
161.9999805  
46.28657406  
264.5796956  
136.1823626  
23.66184605  
43.80580978  
55.68275604  
24.70255176  
60.41488053  
79.6110424  
21.18673545  
99.99613909  
15.11115832  
16.80638338  
20.21741843  
17.86815442  
43.71786859  
592.4426758  
182.9815707  
147.2013905  
13.29752344  
21.21895899  
93.67656168  
39.72452338  
45.57956379  
45.00198517  
63.8448779  
46.24775026  
39.61176295  
183.1334268  
106.2959468  
188.9562269  
104.9297679  
282.7572248  
162.5824993  
115.1270592  
139.1943634  
45.23554529  
219.1066354  
158.2975996  
172.9992968  
161.8580684  
184.3894296  
321.2618378  
395.2223903  
40.30881337  
129.2577412  
184.9705165  
23.15790672  
478.760648  
40.00228511  
275.0838981  
23.55876315  
70.51058862  
344.5452271  
124.382639  
56.96432037  
126.4860114  
138.5882839  
62.98242504  
201.7463518  
121.8633375  
244.1614955  
27.53451952  
39.63784616  
214.1035257  
96.34525539  
15.71712461  
27.1937964  
14.78946857  
10.46059403  
94.27214573  
115.1655971  
43.68879525  
31.73556072  
8.308345985  
32.98821248  
44.04219982  
24.69384651  
11.88749221  
21.07143299  
49.31357618  
26.20623335  
38.69172701  
24.18580824  
6.985553646  
42.49459256  
20.9111918  
22.00861844  
4.611838647  
11.99876052  
25.53833073  
10.69569352  
28.54567964  
50.22139413  
14.33355176  
22.23524276  
3.862690677  
51.18012352  
13.3627341  
32.26348741  
29.50132599  
16.85179148  
42.85410276  
16.05181626  
38.47497896  
31.29413523  
47.43528753  
7.493845504  
22.83640777  
8.935811847  
49.50210637  
16.96021827  
14.25224261  
21.31972024  
34.43234498  
22.25795253  
24.57301298  
41.10409393  
24.90144038  
44.56850815  
19.26475299  
20.53835239  
34.78002881  
52.85190223  
8.248035949  
11.2301356  
4.726016753  
22.85423688  
16.30477388  
12.05854457  
24.3758873  
13.59840753  
39.86942863  
20.12286851  
32.92914985  
20.44786355  
32.74950997  
17.69950011  
18.56377365  
18.01307877  
18.81028194  
61.79012179  
12.32953687  
18.87100699  
14.77963497  
6.958175632  
19.45714228  
30.89299981  
24.53032229  
14.2423636  
21.19945235  
22.82217347  
12.31396915  
65.19869843  
27.57803361  
23.5159096  
20.72243502  
19.15141555  
27.80195708  
3.373130805  
39.45744482  
27.36592865  
5.995735114  
17.15168362  
51.75447301  
12.5508206  
22.85013755  
25.46204905  
16.29845867  
24.86316256  
39.94505544  
21.85577235  
7.444124998  
13.05405569  
21.80747179  
16.9423215  
24.55446952  
33.83110978  
29.54393861  
29.31549595  
47.99192271  
32.57110519  
34.15855152  
45.25845822  
5.197849246  
22.15165585  
21.13388072  
10.82648456  
51.70185318  
81.74245039  
328.7514021  
16.83670545  
19.2243536  
48.81656603  
69.6826416  
10.11238822  
55.81486097  
22.29570678  
13.45920481  
35.02504332  
53.06981365  
22.30389835  
19.06352773  
23.0982535  
4.518608005  
26.50889353  
3.524262643  
28.84092756  
22.44625705  
27.19386602  
29.22275184  
2.438340848  
23.4564024  
2.318957632  
19.98449356  
3.219548638  
0.2724187996  
11.04721039  
16.59080587  
0.2522955894  
5.975339072  
1.960724889  
13.69189993  
3.279599363  
0.8128898025  
7.951814338  
4.495712556  
1.534194473  
3.047960152  
0.6612761566  
1.745655283  
2.295994752  
1.301274565  
2.997368772  
7.508287784  
1.273525717  
3.370054872  
9.820774719  
2.874006666  
2.593866593  
1.231945369  
1.10321424  
3.95685826  
3.612668126  
1.849027971  
5.046043573  
2.419316222  
2.366749944  
2.474367952  
0.3944586911  
1.764432744  
3.217601008  
3.79011521  
1.320515595  
0.8727335368  
0.8223112004  
9.82117875  
4.801381711  
2.52470071  
0.5217251429  
0.2370041668  
1.307077771  
2.342707719  
0.8975019932  
0.6068770937  
1.794657397  
2.885288668  
2.724318021  
5.3170581  
7.705807652  
0.7270208648  
2.549835563  
1.66600384  
1.246329875  
1.809683967  
0.5979145229  
0.9336094584  
1.831582631  
10.57223921  
1.164558528  
1.150469252  
1.208877994  
0.2175737209  
2.802400562  
1.902973647  
1.639071441  
